// empty comment. must be on the first line 
59.316688 18.096710
59.320022 18.068907
59.315997 18.034238
59.300937 18.020518
59.289392 17.987585
59.289443 17.951931
59.268510 17.910835
59.215067 17.776458
59.197730 17.619491
59.202542 17.550414
n t
59.189665 17.490539
59.197984 17.435572
59.201305 17.431126
59.202442 17.422466
59.203327 17.413301
59.204287 17.403869
59.205574 17.394680
59.206219 17.387990
59.206998 17.373246
59.206793 17.370430
59.207778 17.360470
59.208677 17.346339
59.209305 17.337576
59.215213 17.321502
59.215748 17.319782
59.216802 17.313555
59.219212 17.299923
59.218803 17.288820
59.219322 17.285696
59.220904 17.276682
59.221565 17.257978
59.218981 17.244735
59.220292 17.230158
59.223673 17.223277
59.226188 17.217037
59.229661 17.212979
59.230297 17.211933
59.234466 17.203088
59.240889 17.190987
59.243678 17.173390
59.247259 17.167313
59.249068 17.165885
59.249322 17.166408
59.252028 17.175565
59.255469 17.179507
59.260844 17.168270
59.265179 17.161619
59.269943 17.157033
59.272535 17.145000
59.272263 17.133415
59.274857 17.124510
59.277592 17.118379
59.279519 17.116834
59.283807 17.111079
59.290028 17.108333
59.294496 17.105254
59.299512 17.099657
59.299634 17.099530
59.307245 17.092402
59.312280 17.082568
59.320520 17.075963
59.326923 17.071643
59.332604 17.066410
59.332867 17.065836
59.333324 17.065420
59.339006 17.056281
59.340395 17.044872
59.343638 17.037509
59.346755 17.033701
59.350154 17.030848
59.355596 17.028370
59.358039 17.027484
59.358179 17.027708
59.358486 17.028685
59.361608 17.025499
59.364695 17.023163
59.365796 17.022835
59.366633 17.017123
59.369683 17.008275
59.373876 17.003792
59.375756 17.001217
59.377429 16.991844
59.378455 16.983777
59.377122 16.974162
59.375867 16.965186
59.372320 16.944671
59.368986 16.936869
59.367052 16.927046
59.362316 16.914151
59.360491 16.904259
59.360445 16.904081
59.359928 16.901689
59.358608 16.892507
59.360767 16.882460
59.364316 16.874211
59.368997 16.867326
59.372128 16.862023
59.371349 16.860161
59.372786 16.855116
59.374609 16.846342
59.374231 16.845915
59.374156 16.845546
n t
59.374190 16.845902
59.382910 16.749071
59.384106 16.734931
59.385133 16.724082
59.386838 16.707911
59.386202 16.700951
59.385281 16.690660
59.383840 16.682135
59.382789 16.677039
59.383365 16.676517
59.382568 16.676142
59.386154 16.655466
59.388790 16.644971
59.389894 16.632629
59.386311 16.623618
59.385592 16.622266
59.385691 16.622221
59.383354 16.614505
59.379280 16.604626
59.378937 16.590582
59.376612 16.579598
59.375716 16.565928
59.371947 16.555341
59.371537 16.554599
59.367068 16.541887
59.367084 16.531334
59.368188 16.521362
59.370087 16.515261
59.371552 16.511616
59.372582 16.511085
59.374406 16.506999
59.377040 16.504271
59.381737 16.499335
59.385772 16.487325
59.387969 16.478981
59.387797 16.466547
59.391766 16.465560
59.393629 16.466940
59.391121 16.466487
59.384108 16.462259
59.376162 16.463773
59.375520 16.454770
59.375126 16.447398
59.374269 16.438910
59.369270 16.441553
59.363596 16.436099
59.357950 16.435567
59.347539 16.440292
59.342930 16.437022
59.333996 16.429655
59.328439 16.423235
59.323467 16.407172
59.320264 16.383129
59.319731 16.360224
59.320187 16.350177
59.320179 16.348099
59.320296 16.334191
59.320615 16.320074
59.318085 16.305467
59.317642 16.293045
59.316075 16.279580
59.311895 16.265959
59.307486 16.252901
59.304463 16.237689
59.303652 16.231414
59.300873 16.219190
59.295618 16.206799
59.294758 16.203516
59.289069 16.177425
59.285734 16.159186
59.284992 16.152980
59.285610 16.138748
59.281629 16.126475
59.279315 16.119845
59.283693 16.116942
59.288302 16.105794
59.289720 16.085982
59.289115 16.063800
59.291980 16.051472
59.294568 16.044292
59.294886 16.038075
59.298827 16.024935
59.304097 16.014209
59.308400 15.995748
59.311133 15.987873
59.314021 15.975687
59.312349 15.966114
59.312204 15.950134
59.313285 15.937646
59.314415 15.924778
59.316330 15.914261
59.318917 15.900647
59.324301 15.892657
59.329263 15.886664
59.333375 15.881215
59.335898 15.878938
59.337164 15.877332
n t
59.336981 15.877548
59.336718 15.877966
59.345539 15.871068
59.354113 15.854282
59.358882 15.848884
59.363666 15.847561
59.368581 15.845870
59.375047 15.842519
59.384941 15.840055
59.386989 15.845758
59.389514 15.847953
59.389464 15.844297
59.393416 15.839148
59.396261 15.835127
59.398044 15.829342
59.402251 15.822570
59.404086 15.822107
59.406649 15.800467
59.410661 15.790228
59.412829 15.781104
59.413366 15.758972
59.414582 15.744036
59.423803 15.646532
59.425971 15.634407
59.426375 15.619145
59.427388 15.601342
59.430329 15.596058
59.434314 15.593398
59.438918 15.592756
59.445055 15.595619
59.451669 15.585227
59.457686 15.573733
59.462931 15.562476
59.466986 15.552011
59.468959 15.529940
59.465665 15.516716
59.464210 15.511351
59.461982 15.498820
59.460317 15.479905
59.459226 15.466525
59.458692 15.447592
59.460510 15.435667
59.463102 15.426947
59.466518 15.415652
59.465629 15.409301
59.464565 15.394622
59.465229 15.383414
59.465880 15.376721
59.466105 15.368460
59.466101 15.363508
59.465957 15.363376
59.466065 15.362858
59.467078 15.356869
59.468488 15.340918
59.464641 15.327315
59.459270 15.319608
59.446361 15.302596
59.442937 15.283073
59.441974 15.278074
59.441235 15.269849
59.439947 15.246556
59.435975 15.234452
59.430825 15.214301
59.430389 15.210126
59.428516 15.196876
59.424770 15.183313
59.423395 15.177909
59.441982 15.143789
59.442800 15.142301
59.446777 15.138800
59.451528 15.134376
59.455665 15.132234
59.458564 15.127190
59.464645 15.130978
59.467621 15.131859
59.472195 15.127268
59.473126 15.126541
59.476453 15.115971
59.477719 15.103581
59.481892 15.082834
59.487889 15.064067
59.491079 15.058257
59.491151 15.058107
59.493950 15.050195
59.498662 15.038443
59.506256 15.024192
59.508393 15.011527
59.508458 14.998362
59.509294 14.991294
59.509224 14.979954
59.507520 14.973893
59.509933 14.964462
59.514020 14.961750
59.516941 14.952266
59.517377 14.950378
59.517432 14.950194
59.518611 14.949234
59.518910 14.941036
59.518648 14.938011
59.518524 14.937995
n t
59.518285 14.938336
59.519059 14.923906
59.521674 14.849919
59.524724 14.828719
59.534607 14.807133
59.543033 14.781920
59.543768 14.771374
59.555619 14.744814
59.561199 14.742521
59.569207 14.720775
59.580861 14.711275
59.591125 14.690789
59.594390 14.676456
59.607732 14.651136
59.612581 14.642595
59.637572 14.631309
59.643473 14.604036
59.647465 14.597266
59.651196 14.582208
59.661386 14.571246
59.664640 14.561657
59.684763 14.551551
59.704178 14.546497
59.719267 14.526468
59.750280 14.507812
59.738743 14.477483
59.744042 14.452705
59.763640 14.422464
59.767563 14.405969
59.784733 14.378496
59.785024 14.328368
59.788079 14.312571
59.786107 14.302213
59.776532 14.294602
59.770760 14.261584
59.753697 14.249882
59.751158 14.240927
59.715042 14.198925
59.714237 14.169282
n t
59.689141 14.175646
59.713645 14.154784
n t
59.704638 14.130659
59.703910 14.123752
59.703713 14.122628
59.698639 14.111348
59.696516 14.100025
59.696187 14.095618
59.692798 14.085841
59.685220 14.071628
59.679576 14.060617
59.674875 14.035445
59.671502 14.028786
59.666381 14.020573
59.661678 14.014727
59.656808 14.005691
59.654846 14.000834
59.648167 13.986077
59.644640 13.965891
59.635928 13.957565
59.625506 13.948947
59.620338 13.934547
59.621466 13.920272
59.619539 13.900987
59.614164 13.883410
59.614279 13.883580
59.612558 13.880112
59.603301 13.856889
59.604585 13.834920
59.606486 13.825633
59.609843 13.810573
59.608274 13.790195
59.608431 13.784917
59.609372 13.768329
59.609284 13.751481
59.606446 13.741009
59.603783 13.723316
59.600437 13.721973
59.598452 13.719837
59.598478 13.718246
59.598565 13.718108
59.598108 13.718133
59.598453 13.717755
59.598431 13.717938
59.598432 13.718116
59.599747 13.721264
59.605948 13.724868
59.611221 13.730027
59.614126 13.731166
59.616651 13.729407
59.623846 13.730621
59.629759 13.727734
59.636060 13.720165
59.642068 13.715884
59.647767 13.712387
59.654647 13.710747
59.663041 13.702500
59.667523 13.690981
59.664119 13.698866
59.659124 13.703317
59.656610 13.692857
59.649097 13.702814
59.645968 13.699779
59.648367 13.690875
59.648892 13.678556
59.650341 13.669650
59.653847 13.656268
59.660463 13.648402
59.663577 13.645479
59.670065 13.633685
59.674252 13.627005
59.684397 13.625627
59.689186 13.622114
59.692821 13.619039
59.696204 13.615356
59.701067 13.611424
59.709881 13.606186
59.714588 13.599010
59.717818 13.591049
59.721694 13.581910
59.720556 13.567983
59.719886 13.556465
59.721647 13.544301
59.719714 13.526292
59.717675 13.506420
59.717057 13.495203
59.720563 13.487885
59.719790 13.474439
59.719704 13.474139
59.719698 13.474434
59.719784 13.474361
59.719858 13.474229
59.720400 13.462570
59.720488 13.461476
59.721482 13.448489
59.722565 13.435977
59.724262 13.431543
59.729089 13.420536
59.732917 13.412457
59.736705 13.405565
59.742867 13.395622
59.745745 13.388791
59.742533 13.366288
59.744593 13.353055
59.747346 13.333459
59.752223 13.321832
59.758060 13.298460
59.759697 13.291967
59.761055 13.281018
59.762514 13.271219
59.763059 13.264991
59.758758 13.252730
59.757783 13.239885
59.759820 13.240150
59.767556 13.237848
59.773695 13.237548
59.780581 13.236080
59.789009 13.231819
59.793439 13.228719
59.792687 13.223927
59.792369 13.221481
59.791854 13.219815
n t
59.792161 13.218191
59.792207 13.218282
59.796311 13.212534
59.800655 13.208922
59.805859 13.202646
59.808914 13.196552
59.812878 13.186766
59.818542 13.177138
59.829343 13.162230
59.834668 13.161992
59.839236 13.155199
59.838186 13.148739
59.837081 13.149141
59.837094 13.148955
59.837017 13.149056
59.837061 13.149286
59.837074 13.148916
59.837006 13.149211
59.832696 13.147363
59.834520 13.147923
59.837411 13.141657
59.838120 13.136745
59.837988 13.131092
59.840292 13.126602
59.843928 13.124610
59.843670 13.117477
59.844112 13.107185
59.844861 13.094886
59.847982 13.083368
59.853998 13.081513
59.858246 13.078305
59.856812 13.062773
59.854991 13.059397
59.855514 13.048384
59.857419 13.035688
59.860423 13.021453
59.862586 13.009160
59.866331 12.996451
59.872515 12.986603
59.875944 12.970976
59.881172 12.955819
59.883698 12.952684
59.891190 12.945105
59.899323 12.939359
59.906277 12.933052
59.913646 12.930773
59.920151 12.930303
59.924371 12.930465
59.930271 12.927533
59.937612 12.923158
59.943555 12.914953
59.945888 12.912435
59.946168 12.912200
59.946052 12.910806
59.946156 12.910972
59.946054 12.910874
59.945477 12.909119
59.945470 12.902934
59.948467 12.898979
59.951103 12.895044
59.956584 12.890273
59.956725 12.890186
59.958049 12.887814
59.962198 12.883420
59.967143 12.875334
59.971335 12.864389
59.976635 12.851101
59.979514 12.842124
59.983890 12.830885
59.983714 12.829361
59.981415 12.819761
59.978693 12.812803
59.980201 12.805253
59.980483 12.801156
59.981477 12.791580
59.988079 12.785019
59.988424 12.771541
59.985269 12.765085
59.991234 12.745969
59.998928 12.735735
60.002581 12.723695
60.005716 12.709711
60.005874 12.697311
60.009281 12.688387
60.010388 12.679466
60.015559 12.659261
60.015614 12.642765
60.015537 12.636368
60.019168 12.625762
60.019566 12.624782
60.019905 12.623602
60.021512 12.620150
60.025100 12.614663
60.024980 12.614603
60.025203 12.614816
60.025068 12.614663
60.025609 12.613597
60.031815 12.601356
60.035280 12.594756
60.037702 12.588545
60.039899 12.582404
60.042699 12.576102
60.052374 12.564589
60.058320 12.554780
60.063020 12.545654
60.069756 12.535024
60.074331 12.528111
60.080922 12.522996
60.087110 12.516516
60.088988 12.514278
60.088948 12.509860
60.088945 12.510078
60.088954 12.509682
60.091071 12.500607
60.092667 12.495736
60.092813 12.495603
60.092746 12.495730
60.094596 12.493245
60.096495 12.487227
60.100753 12.480026
60.104607 12.473003
60.106788 12.464463
60.112497 12.460536
60.118207 12.449743
60.119833 12.442276
60.119361 12.436654
60.109374 12.418736
60.109685 12.414928
60.105741 12.411057
60.103851 12.405127
60.101106 12.399883
60.101440 12.398073
60.100777 12.393717
60.103526 12.389479
60.104900 12.389077
60.106956 12.380979
60.105931 12.369034
60.109184 12.362238
60.108093 12.360457
60.107034 12.353387
60.107703 12.349509
60.106668 12.342419
60.104440 12.339905
60.103326 12.334184
60.104137 12.331667
60.103623 12.324859
60.103366 12.313852
60.095964 12.306975
60.095173 12.303364
60.095376 12.300615
60.094151 12.296837
60.095450 12.295335
60.097005 12.291086
60.096634 12.284176
60.095593 12.280550
60.095586 12.279251
60.095326 12.277487
60.094522 12.275875
60.094880 12.272955
n t
60.094510 12.272482
60.094934 12.272875
60.095629 12.263691
60.097882 12.248621
60.096206 12.241937
60.101335 12.233480
60.105393 12.222932
60.101929 12.202419
60.104999 12.190511
60.103106 12.178010
60.102941 12.177713
60.102551 12.166834
60.107738 12.152861
60.105755 12.142184
60.104002 12.133975
60.113590 12.115875
60.117295 12.113015
60.124359 12.106301
60.130123 12.100508
60.133993 12.088922
60.133940 12.089096
60.135917 12.081147
60.134267 12.088028
60.136956 12.077562
60.140278 12.065640
60.143617 12.056131
60.144645 12.052237
60.142408 12.046013
60.144836 12.034681
60.147155 12.034315
60.152579 12.031507
60.159370 12.030527
60.168007 12.026643
60.172617 12.022365
60.181375 12.018218
60.186541 12.006652
60.187121 12.002741
60.189274 11.997045
60.191271 11.998541
60.191679 11.996720
60.191714 11.996043
60.191699 11.995770
60.191309 11.995717
60.191669 11.995867
60.191848 11.995951
60.191653 11.996007
60.191912 11.995774
60.191831 11.996032
60.192350 11.995155
60.192254 11.993868
60.189868 11.990551
60.190914 11.985316
60.190681 11.985219
60.192988 11.982288
60.198052 11.973474
60.200897 11.967183
60.204066 11.956400
60.206732 11.942405
60.205811 11.937450
60.202984 11.924532
60.201500 11.916157
60.196785 11.911008
60.192816 11.900747
60.194147 11.886059
60.201477 11.875930
60.206152 11.865948
60.212488 11.857341
60.216844 11.846534
60.219387 11.840100
60.223487 11.827497
60.227725 11.808438
60.231607 11.792181
60.235346 11.778446
60.239205 11.765797
60.238944 11.749109
60.237981 11.738023
60.238213 11.733310
60.238663 11.723219
60.247918 11.703055
60.254191 11.691961
60.253716 11.684345
60.253954 11.681690
60.254420 11.681504
60.254711 11.681482
60.254506 11.681474
60.254223 11.681152
60.254114 11.680940
60.254253 11.681324
60.254146 11.681179
60.253414 11.681433
60.251142 11.679222
60.246040 11.677698
60.240221 11.677164
60.234900 11.677098
60.228520 11.680858
60.225400 11.681423
60.221426 11.679576
60.214329 11.670224
60.213715 11.668570
60.210156 11.658968
60.206341 11.644830
60.206708 11.629949
60.201286 11.616486
60.194975 11.609644
60.188987 11.602726
60.182173 11.594168
60.177871 11.586634
60.174130 11.572193
60.168560 11.565020
60.163450 11.557672
60.163732 11.543672
60.164914 11.529611
60.162698 11.520434
60.159992 11.512745
60.156688 11.508620
60.150173 11.499451
60.147507 11.494109
60.141476 11.489895
60.135194 11.485329
60.130245 11.485648
60.125817 11.478776
60.122603 11.471323
60.124026 11.468364
60.124275 11.468530
60.123840 11.466934
60.122672 11.464981
60.121353 11.465605
60.121457 11.465374
60.121400 11.464702
60.121640 11.465023
60.121580 11.465250
60.121404 11.465209
60.121782 11.465081
60.120936 11.463516
60.116052 11.462536
60.110534 11.456198
60.105403 11.447943
60.104129 11.444886
60.101063 11.436603
60.096244 11.427363
60.091309 11.420551
60.085674 11.420050
60.078877 11.411460
60.075730 11.405654
60.074974 11.403953
60.073242 11.398237
60.071914 11.396851
60.072133 11.396721
60.072427 11.396063
n t
60.072524 11.395509
60.072712 11.395375
60.033878 11.351274
60.033972 11.351552
60.032900 11.322518
60.032568 11.315629
60.019184 11.291813
60.016835 11.288044
60.011957 11.275237
60.007575 11.263835
60.007868 11.252840
60.010990 11.237685
60.017767 11.229887
60.020872 11.219332
60.022122 11.208697
60.023066 11.200148
60.024085 11.189046
60.026153 11.177549
60.021856 11.170589
60.020462 11.165167
60.016525 11.158387
60.014921 11.145031
60.019509 11.133611
60.022202 11.116898
60.022281 11.115338
60.018079 11.112015
60.010137 11.108988
60.006095 11.105157
59.999961 11.099554
59.997228 11.087882
59.993768 11.081738
59.989473 11.075000
59.983354 11.071331
59.978405 11.069488
59.972200 11.067222
59.969340 11.066282
59.964019 11.062926
59.961129 11.059675
59.957807 11.051571
59.956991 11.047174
59.958128 11.040302
59.957328 11.031160
59.956572 11.022459
59.956753 11.015520
59.953049 11.012833
59.950667 11.009610
59.948651 11.002254
59.947803 11.001636
59.953586 10.921275
59.955010 10.921983
59.954405 10.909030
59.954811 10.896460
59.953534 10.889714
59.954834 10.882719
59.954009 10.875672
59.951964 10.868858
59.950689 10.857535
59.946046 10.846817
59.944337 10.835933
59.944532 10.817818
59.943164 10.809202
59.945008 10.803497
59.943645 10.792119
59.941225 10.789039
n h
n h
59.940700 10.788557
59.936925 10.782762
59.931393 10.772114
59.928824 10.770595
59.928745 10.768956
59.924888 10.761211
59.919524 10.759659
59.915840 10.759488
59.913693 10.756228
59.911779 10.754095
59.911585 10.747438
59.912687 10.745278
59.912540 10.745908
59.912567 10.746832
59.911987 10.745531
59.908994 10.742481
59.904881 10.738637
59.906608 10.738490
59.905661 10.736706
59.906839 10.735955
59.908511 10.736835
59.911513 10.733174
59.913469 10.726841
59.915007 10.723576
59.916060 10.722719
59.920140 10.726110
59.920254 10.726250
59.920165 10.726200
59.920171 10.726389
59.919200 10.727857
59.919265 10.727985
59.921309 10.727182
59.924106 10.726741
59.925659 10.726773
59.922366 10.726744
59.917749 10.729177
59.916641 10.729444
59.919639 10.729336
59.923244 10.731771
59.927071 10.731498
59.927519 10.729614
59.929169 10.724116
59.927903 10.719049
59.927891 10.718870
59.927859 10.718629
59.927935 10.719041
59.928744 10.715724
59.929496 10.711043
59.928605 10.705131
59.928175 10.703084
59.928080 10.703030
59.927313 10.701103
59.926542 10.702206
59.926047 10.703580
59.926639 10.700311
59.927560 10.700239
59.927736 10.699629
59.927511 10.699508
59.927568 10.700185
59.928190 10.699966
59.928506 10.696428
59.930424 10.704478
59.928695 10.707049
59.927724 10.713371
59.928492 10.715125
59.930383 10.719701
59.932748 10.725373
59.935526 10.731508
59.934961 10.743932
59.937612 10.750908
59.937363 10.758365
59.940089 10.765986
59.941368 10.770948
59.944012 10.775385
59.945591 10.780982
59.943762 10.786295
59.940562 10.788540
59.926371 10.746184
59.924210 10.741606
59.923298 10.736176
59.926162 10.730032
59.925139 10.723483
59.928352 10.717027
59.927502 10.712856
59.926790 10.711634
59.924927 10.704433
59.925010 10.704328
59.928677 10.702176
59.929339 10.701739
59.929156 10.701287
59.929360 10.701769
59.929446 10.701846
59.930304 10.700704
59.928447 10.691094
59.925851 10.691450
59.922120 10.679417
59.918586 10.668349
59.915624 10.654822
59.913495 10.643357
59.912534 10.633909
59.909069 10.618911
59.905269 10.604414
59.905466 10.601009
59.903659 10.594097
59.901064 10.584560
59.901049 10.580741
59.902248 10.573422
59.900272 10.562452
59.896863 10.554812
59.893511 10.542737
59.890922 10.527640
59.890611 10.527375
59.890520 10.527351
59.889288 10.523495
59.886967 10.525122
59.886105 10.519372
59.881705 10.514955
59.878342 10.504079
59.875173 10.493846
59.870683 10.487650
59.867814 10.487354
59.865182 10.483061
59.864219 10.477296
59.863441 10.474384
59.860783 10.468681
59.859029 10.462672
59.855712 10.461952
59.852814 10.456464
59.850864 10.452058
59.849234 10.446862
59.846557 10.440257
59.841331 10.435499
59.834747 10.431568
59.834552 10.434784
59.834742 10.432644
59.834793 10.432818
59.834830 10.432987
59.834998 10.434858
n t
59.648228 10.263327
59.648811 10.259697
59.647783 10.251525
59.648822 10.249770
59.649420 10.245875
59.649772 10.242813
59.649924 10.240767
59.651319 10.234752
59.648921 10.232655
59.643378 10.232466
59.629570 10.231277
59.620985 10.223644
59.613808 10.216835
59.598471 10.210175
59.584840 10.215724
59.574957 10.221265
59.565161 10.228700
59.557347 10.234750
59.550475 10.240801
59.546656 10.246818
59.540424 10.252455
59.531095 10.264071
59.530370 10.277281
59.523445 10.282889
59.514926 10.291523
59.506447 10.296947
59.499286 10.302600
59.492569 10.312850
59.488253 10.316661
59.488279 10.318803
59.488077 10.319098
59.488070 10.318849
59.488159 10.318755
59.488235 10.318811
59.488135 10.318850
59.487440 10.316998
59.484703 10.318482
59.482606 10.321304
59.480108 10.322143
59.479165 10.319566
59.475712 10.320472
59.469847 10.322952
59.462614 10.327780
59.455832 10.330884
59.448525 10.329796
59.442371 10.322015
59.432165 10.312502
59.428198 10.304607
59.422973 10.302892
59.416378 10.306581
59.407158 10.308388
59.400402 10.308027
59.391443 10.305024
59.385235 10.308879
59.377068 10.308003
59.371115 10.308090
59.362691 10.318531
59.349590 10.324543
59.338782 10.328657
59.331762 10.327410
59.329743 10.329704
59.321488 10.336175
59.314193 10.336746
59.305961 10.339633
59.298012 10.343869
59.292359 10.347641
59.292481 10.348509
59.292295 10.348465
59.292342 10.348684
59.257669 10.305168
59.252881 10.302520
59.248179 10.299531
59.243788 10.294726
59.237832 10.284627
59.230766 10.272468
59.226166 10.264453
59.223310 10.251722
59.214848 10.246759
59.210657 10.244401
59.207596 10.241350
59.206757 10.239444
59.202837 10.236563
59.197677 10.232662
59.193270 10.228281
59.186255 10.218980
59.181436 10.215277
59.176526 10.210364
59.172253 10.211130
59.165000 10.203750
59.157143 10.199694
59.150437 10.194217
59.144812 10.185644
59.144098 10.183955
59.138318 10.170661
59.135829 10.162474
59.129498 10.154953
59.125600 10.146423
59.124318 10.145006
59.122477 10.140714
59.120422 10.139405
59.118698 10.137152
59.117269 10.134534
59.114683 10.125543
59.113903 10.123848
59.109963 10.119192
59.106619 10.114449
59.104791 10.112706
59.097455 10.108215
59.095739 10.106171
59.090011 10.100437
59.089540 10.097942
59.086174 10.096437
59.085065 10.097401
59.083011 10.095137
59.080815 10.096365
59.078769 10.096078
59.076379 10.096063
59.073772 10.095712
59.072268 10.097507
59.071117 10.092566
59.071555 10.092413
59.071686 10.089032
59.070583 10.083265
59.068686 10.081283
59.068046 10.081708
n t
59.067891 10.080931
59.067995 10.081716
59.066572 10.082274
59.065844 10.083669
59.064079 10.084226
59.062358 10.083969
59.060461 10.084806
59.059071 10.083347
59.057604 10.083904
59.056533 10.085578
59.053609 10.088239
59.051601 10.087745
59.050696 10.090535
59.049483 10.089119
59.048467 10.085471
59.049250 10.079699
59.048654 10.076845
59.045081 10.073648
59.045048 10.073401
59.044996 10.073240
59.044904 10.073224
59.044648 10.072784
59.044297 10.071116
59.043969 10.068202
59.043467 10.066582
59.044008 10.062784
59.045255 10.059513
59.041359 10.056873
59.040907 10.054062
59.039814 10.052474
59.041657 10.045286
t t
59.017344 10.049988
58.934533 10.099427
57.605809 9.966218
t c
57.592153 9.959932
57.591630 9.956495
57.591463 9.956780
57.591392 9.956589
57.590940 9.954121
57.590900 9.953800
57.586768 9.947609
57.583091 9.944523
57.581456 9.938032
57.580768 9.939208
57.580707 9.939055
57.580634 9.939222
57.580341 9.939550
57.580026 9.944261
57.573191 9.943219
57.565529 9.941284
57.557185 9.938985
57.555852 9.927428
57.553285 9.922616
57.547577 9.918298
57.539990 9.915018
57.535618 9.916456
57.529368 9.924037
57.526871 9.930172
57.523758 9.939121
57.522650 9.931275
57.519346 9.920738
57.516890 9.905372
57.512978 9.895558
57.505847 9.900944
57.499210 9.901516
57.499122 9.901261
57.499109 9.899981
57.499508 9.892069
57.497525 9.882306
57.496515 9.872177
57.500193 9.857079
57.496010 9.850061
57.492101 9.841916
57.491722 9.830350
57.490883 9.825422
57.486444 9.820777
57.483634 9.811370
57.480721 9.806080
57.473836 9.800760
57.465474 9.797032
57.458910 9.797105
57.451405 9.795645
57.444813 9.790064
57.440374 9.782549
57.435637 9.772887
57.426997 9.774035
57.419277 9.780912
57.417925 9.771386
57.417827 9.759048
57.413305 9.752397
57.411477 9.746130
57.411565 9.746064
57.411429 9.744332
57.411518 9.744230
57.411290 9.744575
57.411529 9.744234
57.411588 9.744389
57.411410 9.744020
57.411610 9.744289
57.253197 9.576845
57.251636 9.583843
57.250353 9.596248
57.248502 9.596079
57.247424 9.597647
57.247460 9.600501
57.244785 9.599332
57.242945 9.596961
57.242154 9.592686
57.242151 9.587381
n t
57.238802 9.584667
57.238956 9.585240
57.239226 9.583796
57.226097 9.568153
57.221864 9.574708
57.218177 9.568919
57.214755 9.556380
57.209590 9.548019
57.203531 9.537780
57.199585 9.539074
57.190307 9.534388
57.185805 9.528945
57.181042 9.523961
57.179739 9.523309
57.179646 9.523366
57.178485 9.520085
57.179104 9.509144
57.179811 9.503365
57.178728 9.494395
57.174296 9.487971
57.167017 9.476338
57.168728 9.469961
57.172460 9.458478
57.176381 9.440865
57.172991 9.432424
57.169733 9.424660
57.168980 9.418710
57.169932 9.418132
57.165640 9.414941
57.163572 9.410265
57.162437 9.402283
57.159892 9.394438
57.157004 9.385571
57.154931 9.377476
57.154480 9.369840
57.152139 9.363570
57.150016 9.361668
57.149577 9.361351
57.149659 9.360974
57.146788 9.357309
57.144181 9.357869
57.140262 9.356414
57.135326 9.354812
57.135236 9.354751
57.135357 9.354754
57.135772 9.354897
57.135658 9.354916
57.135758 9.354918
57.136019 9.354987
57.135851 9.354888
57.135774 9.354764
57.137981 9.355055
57.143225 9.357962
57.150388 9.358962
57.148425 9.348796
57.150740 9.339776
57.151899 9.328985
57.151261 9.327547
57.149147 9.324810
57.145407 9.326804
57.140712 9.324951
57.134525 9.325961
57.133794 9.317319
57.134801 9.309450
57.135398 9.307068
57.137547 9.301244
57.138904 9.288500
57.139049 9.283469
57.135237 9.291272
57.131433 9.298205
57.126015 9.296887
57.121151 9.289951
57.118176 9.292587
57.113230 9.293084
57.111601 9.294728
57.113501 9.288966
57.114298 9.282468
57.114466 9.281318
57.114486 9.281138
57.114601 9.270752
57.116970 9.264103
57.122108 9.254564
57.123561 9.247372
57.126151 9.231463
57.128342 9.216492
57.130275 9.200683
57.130981 9.192818
57.130987 9.192569
57.132104 9.180153
57.132509 9.166515
57.133553 9.152531
57.132807 9.140203
57.133193 9.131116
57.130446 9.133310
57.128101 9.131993
57.127966 9.131936
57.128088 9.131937
57.128172 9.131871
57.128095 9.131974
57.126734 9.130987
57.119520 9.125916
57.113464 9.128144
57.107963 9.125975
57.103470 9.122556
57.106271 9.111395
57.108747 9.101039
57.110470 9.090967
57.112155 9.081020
57.113643 9.072199
57.114301 9.068522
57.114315 9.068772
57.114287 9.068576
57.114347 9.068442
57.115889 9.063896
57.118323 9.059028
57.123898 9.055249
57.126217 9.049258
57.124856 9.038103
57.123743 9.029096
57.123049 9.019699
57.122046 9.010835
57.119211 9.004369
57.117297 8.998428
57.117309 8.998594
57.116187 8.991150
57.115164 8.979134
57.113434 8.967877
57.112162 8.955473
57.107653 8.945987
57.101655 8.941675
57.100787 8.929688
57.102681 8.917017
57.103324 8.905567
57.102054 8.893768
57.097389 8.883381
57.094232 8.878774
57.091603 8.870997
57.091507 8.870951
57.087613 8.864448
57.082412 8.857026
57.081277 8.845089
57.076183 8.838465
57.070865 8.831592
57.065763 8.823561
57.064121 8.819114
57.058326 8.814658
57.055891 8.809501
57.058059 8.800666
57.059467 8.792666
57.062198 8.783153
57.065184 8.774889
57.068091 8.763606
57.070460 8.755560
57.072394 8.750589
57.072472 8.750674
57.072860 8.750528
57.072394 8.750599
n t
57.074426 8.745343
57.074809 8.744989
57.074466 8.745261
57.075173 8.743244
57.109954 8.598686
57.110253 8.590475
57.110193 8.587904
57.106772 8.580692
57.103192 8.576976
57.096623 8.569872
57.089302 8.562007
57.083061 8.556859
57.077823 8.549744
57.069957 8.543044
57.062787 8.532653
57.058491 8.526738
57.051473 8.517802
57.041971 8.512440
57.040316 8.509008
57.040045 8.502881
57.039916 8.496978
57.038042 8.493620
57.032842 8.489805
57.030384 8.486198
57.030305 8.486114
57.029040 8.482850
57.025069 8.475388
57.019239 8.472368
57.013773 8.467965
57.009423 8.460860
57.005205 8.454746
56.999952 8.460633
56.992005 8.448613
56.987777 8.440205
56.983348 8.432009
56.977157 8.428600
56.969485 8.418036
56.968353 8.411014
56.964739 8.401259
56.958522 8.379068
56.958405 8.369577
56.959140 8.365904
56.959666 8.365056
56.959105 8.365768
56.958443 8.367669
56.958371 8.367529
56.955113 8.367028
56.951282 8.368653
56.949889 8.373394
56.938222 8.368396
56.934977 8.372725
56.931367 8.371229
56.927636 8.369536
56.926888 8.369114
56.926905 8.368451
56.926842 8.368668
56.925296 8.368386
56.924152 8.364082
56.926259 8.357672
56.927471 8.350831
56.927910 8.343374
56.924600 8.347610
56.920121 8.358051
56.916871 8.359054
56.908914 8.358551
56.899749 8.361171
56.891792 8.367371
56.891449 8.367565
56.880808 8.371696
56.872804 8.371079
56.868991 8.371399
56.863542 8.371741
56.859209 8.363492
56.854091 8.358115
56.845391 8.363225
56.837459 8.353389
56.831806 8.345953
56.825655 8.343496
56.817830 8.337642
56.814040 8.327269
56.814491 8.314709
56.815568 8.304227
56.816494 8.292306
56.812940 8.283195
56.810884 8.281776
56.802056 8.284094
56.788043 8.284745
56.782488 8.282187
56.775536 8.279393
56.771010 8.276734
56.773504 8.270774
56.777770 8.263084
56.779956 8.254696
56.777653 8.252734
56.772386 8.252059
56.764617 8.251808
56.754808 8.251218
56.738978 8.250121
56.728961 8.249427
56.719790 8.248862
56.709512 8.248198
56.701825 8.246693
56.701741 8.246754
56.697754 8.246390
56.693858 8.237475
56.690388 8.226969
56.689500 8.224357
56.689827 8.218633
56.694330 8.215970
56.696970 8.214797
56.698327 8.204882
56.696207 8.203368
56.693661 8.202873
56.691362 8.200844
56.681945 8.193927
56.672023 8.186505
56.665522 8.181676
56.659023 8.176557
56.659413 8.172787
56.659497 8.171768
56.659361 8.172061
56.659539 8.172138
56.659624 8.172020
56.659029 8.171504
56.632751 8.156291
56.629336 8.157954
n h
56.621200 8.179873
56.619072 8.178597
56.617681 8.174790
56.614590 8.166583
56.608615 8.157544
56.603960 8.153372
56.603846 8.153380
56.603938 8.153385
56.595987 8.147139
56.589633 8.143897
56.581153 8.145168
56.570379 8.150563
56.568199 8.161253
56.549291 8.158287
56.547272 8.149521
56.543782 8.137686
56.536079 8.127543
56.529806 8.119367
56.527700 8.118282
56.527785 8.118188
56.527691 8.118275
56.525071 8.118263
56.521428 8.118212
56.514585 8.118098
56.507970 8.118762
56.495491 8.131910
56.486162 8.139510
56.477003 8.134010
56.469235 8.130067
56.462591 8.132438
56.454452 8.128872
56.449182 8.125298
56.449323 8.125277
56.443912 8.124888
56.429794 8.123968
56.417887 8.123029
56.400293 8.121768
56.388118 8.121751
56.376414 8.120177
56.368973 8.123314
56.365394 8.122768
56.363652 8.122700
56.350277 8.122555
56.339503 8.122821
56.324324 8.123857
56.322651 8.124106
56.322562 8.124055
56.322373 8.124196
56.322383 8.123915
56.322341 8.124071
56.322400 8.124343
56.322402 8.124124
56.322351 8.124260
56.320178 8.132776
56.319161 8.138568
56.315926 8.140543
56.310348 8.145184
56.305821 8.150703
56.298617 8.155548
56.292278 8.160836
56.286084 8.163592
56.284211 8.154404
56.281316 8.139726
56.279769 8.136390
56.272349 8.134226
56.262903 8.140607
56.259173 8.142448
56.259017 8.150642
56.256798 8.148584
56.243963 8.139477
56.232773 8.139158
56.221136 8.139542
56.204181 8.131894
56.203373 8.131732
56.193030 8.128443
56.177598 8.127043
56.175245 8.128251
56.170203 8.129053
56.161710 8.123080
56.147948 8.126079
56.136757 8.122760
56.127084 8.116578
56.124080 8.114763
56.124054 8.115598
56.124464 8.116244
56.123915 8.116255
56.124118 8.115775
56.123937 8.115901
56.123788 8.115792
56.124004 8.115773
56.123862 8.115730
56.124467 8.116239
56.124111 8.115217
56.124075 8.115062
56.122168 8.114529
56.119786 8.115898
56.119675 8.115138
56.119865 8.116035
56.119470 8.116286
56.119513 8.116141
56.119802 8.115947
56.119688 8.115964
56.119810 8.115902
56.119899 8.115955
56.119816 8.115873
56.119109 8.118055
56.114304 8.120267
56.103705 8.127004
56.092577 8.124685
56.081676 8.119616
56.070442 8.121232
56.058989 8.121210
56.047380 8.119205
56.036000 8.116758
56.027391 8.115968
56.017677 8.123049
56.008767 8.127614
56.004334 8.129059
55.997363 8.126359
55.989525 8.133646
55.980125 8.139233
55.969409 8.144143
55.958122 8.147193
55.947969 8.153504
55.937498 8.157765
55.927384 8.162480
55.916661 8.163857
55.905773 8.166569
55.900752 8.167692
55.890001 8.172983
55.879316 8.176783
55.869650 8.179239
55.860798 8.180360
55.850849 8.176400
55.841477 8.172886
55.831600 8.172709
55.823257 8.178533
55.818173 8.184922
55.817141 8.194480
55.817497 8.195198
55.816981 8.194526
55.815412 8.198267
55.811619 8.198303
55.808316 8.199389
55.807887 8.200484
55.807983 8.200518
55.807890 8.200499
n t
55.807980 8.200504
55.808060 8.200405
55.807911 8.200387
55.808518 8.199267
55.810002 8.198454
55.813023 8.197483
55.812985 8.200433
55.812116 8.203518
55.810791 8.205869
55.809457 8.208832
55.807089 8.213622
55.803412 8.218381
55.799422 8.222668
55.794959 8.227158
55.794294 8.228848
55.792060 8.235158
55.789529 8.239415
55.787375 8.240029
55.786349 8.239682
55.782476 8.238630
55.778482 8.237780
55.774809 8.237807
55.771605 8.237855
55.768839 8.240282
55.766271 8.244458
55.763492 8.247826
55.761588 8.250613
55.759958 8.252000
55.759873 8.251927
55.758855 8.251256
55.756223 8.250378
55.753245 8.250527
55.750740 8.252363
55.748357 8.251610
55.746171 8.251500
55.743315 8.251558
55.743041 8.251480
55.742399 8.250696
55.741218 8.247462
55.739900 8.244078
55.739349 8.240829
55.738786 8.236065
55.738296 8.228249
55.737496 8.223018
55.734350 8.222348
55.730802 8.221422
55.731340 8.215713
55.729744 8.212868
55.726368 8.211004
55.722445 8.210019
55.719075 8.208239
55.715771 8.207389
55.712292 8.206628
55.708750 8.205795
55.705513 8.204324
55.702437 8.201929
55.702507 8.197569
55.700490 8.195049
55.697738 8.192475
55.696247 8.191350
55.692728 8.185492
55.689550 8.181809
55.686693 8.181469
55.683705 8.181435
55.683702 8.179151
55.681676 8.175413
55.678973 8.172269
55.675704 8.170973
55.673167 8.168530
55.670397 8.165293
55.670080 8.160764
55.667949 8.155937
55.664087 8.153935
55.659669 8.150463
55.652286 8.147896
55.647332 8.146234
55.647059 8.146232
55.646293 8.146449
55.644106 8.144927
55.640826 8.143719
55.637140 8.142377
55.633717 8.141141
55.630377 8.139958
55.627197 8.138809
55.624136 8.137962
55.622473 8.141964
55.620906 8.146405
55.620110 8.148847
55.619753 8.153266
55.619572 8.158360
55.619057 8.163779
55.618057 8.169120
55.616837 8.174247
55.615347 8.179458
55.614010 8.183930
55.612725 8.188618
55.611916 8.193319
55.611165 8.197638
55.610401 8.202001
55.609446 8.207485
55.607950 8.212654
55.607535 8.218224
55.606348 8.223420
55.605847 8.226128
55.605871 8.226540
55.606558 8.226921
55.606651 8.226930
55.608597 8.227902
55.610965 8.229219
55.613110 8.231948
55.614509 8.236072
55.615102 8.239322
55.615210 8.243066
55.615032 8.248118
55.614942 8.251905
55.614904 8.252056
55.614937 8.252699
55.614880 8.253176
55.614805 8.256392
55.614076 8.259761
55.614270 8.263458
55.613608 8.267052
55.612330 8.268955
55.610442 8.269728
55.609700 8.272108
55.608961 8.274503
55.605684 8.272246
55.604197 8.277648
55.602070 8.283311
55.599139 8.282998
55.598371 8.287436
55.597396 8.292927
55.596413 8.297837
55.595189 8.303138
55.593388 8.309754
55.593402 8.314417
55.594624 8.318739
55.596079 8.324824
55.593213 8.325216
55.589650 8.325438
55.585952 8.327002
55.584130 8.330741
55.583531 8.332175
55.581667 8.336665
55.579706 8.341465
55.577723 8.346152
55.576905 8.348181
55.576113 8.350340
55.574752 8.353778
55.573016 8.358069
55.571415 8.362035
55.571354 8.362176
55.570036 8.365425
55.569596 8.366306
55.567091 8.369884
55.564636 8.371973
55.562014 8.374166
55.559054 8.376661
55.556759 8.378560
55.554837 8.380248
55.552246 8.382391
55.549456 8.384763
55.547115 8.388978
55.544197 8.389189
55.542062 8.390993
55.539770 8.393124
55.537034 8.396446
55.534132 8.399985
55.531069 8.402464
55.527942 8.403860
55.524669 8.405349
55.521868 8.406561
55.520140 8.406854
55.517604 8.406167
55.514605 8.406079
55.511122 8.405772
55.509804 8.403970
55.507255 8.403788
55.504292 8.402657
55.503085 8.404845
55.501856 8.405983
55.499679 8.406977
55.497984 8.407811
55.495153 8.409342
55.491375 8.411170
55.487694 8.412936
55.487705 8.411816
55.487572 8.411072
55.487501 8.411178
55.487063 8.413344
55.485821 8.416539
55.484475 8.420802
55.482866 8.425019
55.480167 8.428316
55.478932 8.429786
55.476783 8.432433
55.474568 8.435148
55.473328 8.436031
55.473220 8.436033
55.473175 8.436243
55.473139 8.435699
55.473708 8.436644
55.474245 8.436380
55.473148 8.436806
55.471547 8.438261
55.469847 8.439693
55.468423 8.440950
55.467768 8.443499
55.467632 8.444728
55.467224 8.448406
55.466905 8.451264
55.465974 8.452016
55.466068 8.451877
55.466126 8.452071
55.466167 8.452392
55.466152 8.452021
55.466095 8.451219
55.485659 8.508891
55.487906 8.512552
55.490111 8.516504
55.492351 8.521109
55.494577 8.525739
55.496862 8.529436
55.498788 8.533114
55.501699 8.536523
55.504062 8.540302
55.503678 8.542384
55.503657 8.547654
55.503538 8.552946
55.502875 8.559408
55.500967 8.563901
55.500063 8.566081
55.498289 8.570428
55.496848 8.574059
55.494910 8.577724
55.491709 8.578094
55.489345 8.578497
55.488115 8.578868
55.486122 8.579120
55.486485 8.578987
55.486329 8.578451
55.486360 8.578102
n t
55.486273 8.578059
55.484582 8.579335
55.480598 8.578993
55.476587 8.578165
55.473742 8.577708
55.470074 8.577050
55.467858 8.576797
55.467388 8.578651
55.466110 8.584177
55.465462 8.589438
55.463920 8.589349
55.461593 8.589373
55.459866 8.593576
55.456794 8.593534
55.453328 8.593285
55.452205 8.598249
55.451202 8.602857
55.450054 8.608212
55.448344 8.613645
55.445406 8.617766
55.442318 8.621969
55.439884 8.626226
55.438572 8.627439
55.436039 8.632212
55.433168 8.636535
55.429946 8.640779
55.426725 8.645007
55.424117 8.649171
55.423600 8.654670
55.423244 8.660408
55.422297 8.665677
55.421248 8.671446
55.420168 8.677411
55.418952 8.684073
55.417047 8.689601
55.415115 8.694625
55.413212 8.699578
55.411427 8.704165
55.409719 8.708949
55.408088 8.714070
55.406452 8.719123
55.406557 8.721463
55.406492 8.721320
55.405254 8.719517
55.402660 8.719128
55.399840 8.718781
55.397904 8.716183
55.395779 8.713430
55.395793 8.713198
55.395809 8.713480
55.395743 8.713307
55.395027 8.713412
55.392479 8.713164
55.389697 8.712790
55.387501 8.712675
55.387418 8.712610
55.385522 8.710461
55.383577 8.706575
55.382170 8.701624
55.380717 8.696411
55.379432 8.690977
55.378570 8.685263
55.376956 8.680152
55.376012 8.674623
55.375072 8.668261
55.374197 8.662318
55.373323 8.656594
55.371875 8.651947
55.368899 8.653951
55.366032 8.656522
55.364005 8.659004
55.361609 8.661879
55.358695 8.664388
55.355453 8.666626
55.352368 8.668715
55.349019 8.669596
55.345881 8.670679
55.343239 8.673501
55.340376 8.676459
55.339093 8.676535
55.339017 8.676629
55.337175 8.677892
55.334832 8.679603
55.333739 8.680224
55.331582 8.681496
55.329286 8.679966
55.327382 8.677787
55.325683 8.675719
55.323020 8.673336
55.320202 8.671073
55.317329 8.669687
55.315520 8.668851
55.312955 8.666575
55.310012 8.664404
55.306896 8.662571
55.304085 8.660903
55.301088 8.659416
55.297677 8.658062
55.295821 8.656586
55.294262 8.655802
55.291764 8.656802
55.288788 8.656722
55.285876 8.656942
55.282837 8.658276
55.279865 8.658346
55.277660 8.661002
55.274680 8.662193
55.271503 8.661497
55.268208 8.661981
55.265817 8.664073
55.262060 8.664954
55.258861 8.666372
55.255415 8.666629
55.251930 8.666817
55.248482 8.667076
55.245240 8.667311
55.241983 8.667515
55.238733 8.668124
55.235718 8.670702
55.235366 8.671436
55.235427 8.671575
55.235912 8.674048
55.236570 8.677282
55.237309 8.680975
55.238071 8.684685
55.238802 8.688664
55.238326 8.692724
55.237219 8.696309
55.236684 8.700042
55.236120 8.704536
55.235764 8.709763
55.234678 8.714754
55.233214 8.717653
55.230171 8.715882
55.227384 8.717557
55.225060 8.722173
55.223177 8.724918
55.220177 8.725132
55.216629 8.725326
55.213302 8.725575
55.209882 8.725846
55.206479 8.726094
55.203038 8.726363
55.199541 8.726629
55.195834 8.727010
55.192975 8.727197
55.191987 8.727925
55.191616 8.725141
55.191077 8.723293
55.191052 8.723492
55.191109 8.723368
55.191043 8.723233
55.190935 8.722962
55.190613 8.722442
55.188897 8.720010
55.186687 8.717697
55.185071 8.714763
55.183382 8.711337
55.181362 8.708198
55.178876 8.706157
55.176116 8.705021
55.173581 8.703913
55.171060 8.702876
55.168304 8.702805
55.165532 8.703559
55.162730 8.703879
55.160075 8.704001
55.157423 8.704983
55.155500 8.707252
55.154694 8.708874
55.153832 8.707434
55.152605 8.703350
55.151059 8.702418
55.150973 8.702365
55.149957 8.701670
55.147705 8.700108
55.144971 8.698211
55.141904 8.696147
55.138645 8.694764
55.135370 8.693583
55.131944 8.692329
55.128913 8.691119
55.126353 8.690262
55.123320 8.688049
55.120006 8.685384
55.116234 8.683304
55.113673 8.682480
55.113570 8.682448
55.111102 8.681672
55.107965 8.680654
55.105035 8.678256
55.102599 8.674286
55.100387 8.670636
55.098131 8.666882
55.095346 8.664200
55.093853 8.663267
55.093209 8.662818
55.091073 8.661046
55.088789 8.659204
55.087672 8.658707
55.084597 8.658912
55.081287 8.659414
55.078193 8.659114
55.075984 8.658325
55.076013 8.658482
55.075886 8.661947
55.075922 8.666243
55.076208 8.670590
55.076093 8.673707
55.075985 8.673806
55.076074 8.673639
55.075885 8.673733
55.075925 8.673927
55.076058 8.673753
55.076117 8.673903
55.076006 8.673826
55.076261 8.673475
55.076086 8.673721
55.076209 8.673495
55.076300 8.673296
55.076194 8.673478
55.076249 8.673621
55.075649 8.674661
55.073629 8.677523
55.070939 8.679833
55.068388 8.682042
55.065519 8.684502
55.062812 8.688206
55.059631 8.693527
55.055731 8.696071
55.052091 8.696050
55.048214 8.695830
55.044109 8.696267
55.040488 8.695109
55.037255 8.694478
55.033462 8.696438
55.029616 8.698468
55.025523 8.700725
55.021726 8.702731
55.017762 8.704596
55.015242 8.705483
55.015152 8.705525
55.012816 8.705901
55.009631 8.705178
55.006183 8.703525
55.002822 8.702699
54.999163 8.700318
54.995194 8.697127
54.991087 8.695734
54.987258 8.695051
54.982718 8.696162
54.977127 8.698133
54.972657 8.699724
54.968272 8.701270
54.964267 8.702807
54.962446 8.703472
54.961147 8.703537
54.958957 8.701778
54.956608 8.701250
54.956534 8.701361
54.953774 8.703437
54.950418 8.705762
54.946645 8.707236
54.943001 8.709418
54.939282 8.711551
54.935834 8.714400
54.932465 8.717449
54.929175 8.720969
54.925728 8.724024
54.922302 8.726727
54.919038 8.729635
54.916251 8.734008
54.914273 8.739733
54.911626 8.743959
54.908460 8.747361
54.904926 8.749216
54.901871 8.751867
54.899914 8.752684
54.897965 8.750945
54.896088 8.750136
54.895488 8.750059
54.895521 8.750282
54.895448 8.750188
54.895511 8.750352
54.895081 8.750426
54.895515 8.750640
54.895587 8.750326
54.895606 8.750164
54.895520 8.750212
54.895726 8.749974
54.895582 8.750282
54.895539 8.750451
54.895637 8.750137
54.895778 8.750151
54.895646 8.750370
54.895580 8.750261
54.895722 8.750090
54.895560 8.750312
54.895403 8.749895
54.893950 8.743866
54.895799 8.749741
54.895154 8.749641
54.895568 8.750255
54.895514 8.750400
54.893558 8.751988
54.891877 8.756104
54.889939 8.760787
54.891173 8.764095
54.891301 8.769862
54.891572 8.775571
54.892239 8.781115
54.893526 8.786124
54.894366 8.790660
54.891233 8.792969
54.889163 8.797023
54.890120 8.801140
54.891418 8.806248
54.888713 8.807337
54.885018 8.807798
54.883787 8.807989
54.883707 8.808071
54.883838 8.809798
54.884494 8.813901
54.885330 8.817424
54.886316 8.820046
54.887375 8.822740
54.887964 8.824241
54.888048 8.824084
54.888135 8.824025
54.888500 8.824001
54.888358 8.823999
54.888428 8.823856
54.888363 8.823970
54.888572 8.823886
n t
54.888498 8.823987
54.786070 8.827052
54.785973 8.827033
54.784656 8.825710
54.783132 8.826235
54.781524 8.828542
54.780436 8.831703
54.779286 8.835049
54.778070 8.838478
54.776714 8.842146
54.775439 8.846367
54.775098 8.849955
54.774538 8.854341
54.773531 8.856394
54.771932 8.860017
54.771840 8.860019
54.771808 8.859842
54.770221 8.859577
54.769637 8.858668
54.771294 8.859436
54.771531 8.859408
54.770634 8.860716
54.768252 8.864359
54.765680 8.868472
54.763175 8.872679
54.761560 8.875401
54.761466 8.875407
54.761365 8.875379
54.759084 8.873204
54.758382 8.871180
54.756737 8.866541
54.755250 8.861976
54.754101 8.857259
54.752485 8.854195
54.752429 8.854331
54.750871 8.857098
54.748445 8.860867
54.745864 8.864559
54.743044 8.868218
54.740818 8.872499
54.739885 8.877684
54.738918 8.882303
54.736632 8.884194
54.733102 8.882185
54.729099 8.879937
54.724949 8.877583
54.720852 8.877240
54.717001 8.877670
54.713190 8.878107
54.709077 8.877423
54.704443 8.875583
54.700659 8.873301
54.699601 8.872479
54.698735 8.873822
54.696724 8.876756
54.694351 8.880169
54.692009 8.883548
54.689750 8.886821
54.687509 8.890064
54.685333 8.893209
54.682946 8.896660
54.680657 8.899977
54.678412 8.903083
54.676155 8.906195
54.674252 8.908496
54.672685 8.910840
54.672168 8.911228
54.672084 8.911129
54.670557 8.907962
54.668071 8.908611
54.665443 8.911009
54.663024 8.913507
54.660479 8.915361
54.658756 8.917461
54.657453 8.920515
54.655810 8.923617
54.653698 8.926402
54.651626 8.928922
54.649990 8.932617
54.648037 8.935711
54.646300 8.937594
54.644939 8.940382
54.644756 8.944246
54.644564 8.946178
54.644469 8.946210
54.641374 8.947723
54.637364 8.950458
54.633051 8.953418
54.629554 8.955682
54.626039 8.958033
54.623504 8.959642
54.622910 8.959850
54.622811 8.959838
54.620508 8.960659
54.618938 8.962139
54.618051 8.963530
54.617881 8.963674
54.617972 8.963563
54.617684 8.963361
54.617740 8.963674
54.618254 8.963465
54.617865 8.963708
54.617938 8.963611
54.618025 8.963555
54.616398 8.965707
54.613457 8.970025
54.611222 8.973161
54.609647 8.974753
54.607358 8.976163
54.606800 8.974014
54.604913 8.973822
54.603936 8.970117
54.602249 8.967792
54.599542 8.970179
54.597226 8.971160
54.594466 8.971894
54.591978 8.972613
54.589496 8.973277
54.587817 8.971818
54.585057 8.972975
54.582496 8.974860
54.579757 8.978035
54.577365 8.981096
54.574974 8.984069
54.573890 8.986075
54.572745 8.983016
54.571682 8.977241
54.570009 8.972907
54.566912 8.972167
54.563103 8.971425
54.559094 8.971584
54.557335 8.972711
54.554659 8.975305
54.552779 8.974363
54.551504 8.972500
54.548358 8.969100
54.545657 8.971877
54.542821 8.973153
54.540458 8.973769
54.539264 8.977781
54.537647 8.982414
54.534980 8.984972
54.533208 8.988682
54.532495 8.992205
54.532046 8.992549
54.530352 8.992789
54.529244 8.996125
54.527059 8.997171
54.525614 8.997772
54.521462 8.999258
54.518274 9.000416
54.516004 9.001182
54.512499 9.001712
54.510783 9.002487
54.508627 9.004468
54.506676 9.007371
54.504097 9.010210
54.503489 9.011071
54.503421 9.011212
54.501897 9.014089
54.499929 9.018564
54.497723 9.023391
54.495945 9.027836
54.493689 9.032229
54.490925 9.035745
54.488690 9.039371
54.487222 9.041670
54.485949 9.043376
54.485551 9.043668
54.485558 9.043840
54.485571 9.045520
54.485420 9.046076
54.485456 9.046324
54.485212 9.048994
54.485194 9.052129
54.484336 9.053570
54.482709 9.054747
54.480940 9.055772
54.479331 9.056340
54.478270 9.056680
54.476621 9.057235
54.475015 9.057607
54.475119 9.057655
54.475486 9.057579
54.475452 9.060220
54.475580 9.062102
54.476180 9.063643
54.476830 9.065187
54.476963 9.069093
54.477256 9.071076
54.477288 9.071222
54.477424 9.071284
54.477345 9.071168
54.477264 9.071027
54.477368 9.070969
54.477270 9.070846
54.477347 9.070938
54.477266 9.070814
54.477335 9.070939
54.477317 9.070741
54.477331 9.070896
54.477234 9.070966
54.476167 9.071858
54.474796 9.074178
54.473190 9.077009
54.472678 9.078666
54.472383 9.079789
54.471828 9.082734
54.471271 9.086074
54.470830 9.089400
54.470798 9.092861
54.470646 9.096418
54.469987 9.100179
54.469505 9.103333
54.469016 9.106432
54.468848 9.110999
54.469462 9.115528
54.469335 9.120553
54.468215 9.125158
54.466755 9.129512
54.465890 9.131722
54.464729 9.133756
54.464634 9.133735
54.462179 9.134979
54.459338 9.134426
54.457807 9.136206
54.456383 9.139667
54.455231 9.143204
54.453798 9.146266
54.452414 9.149789
54.450972 9.154200
54.449843 9.157851
54.448684 9.161293
54.446825 9.162643
54.443044 9.164369
54.442956 9.164331
54.442770 9.164432
54.443039 9.164559
54.442891 9.164395
54.442942 9.164528
54.442054 9.166854
54.440824 9.169975
54.440697 9.174137
54.440805 9.179004
54.441079 9.183530
54.440404 9.186295
54.440377 9.186467
54.439044 9.189463
54.437423 9.192700
54.434515 9.195912
54.432199 9.199111
54.427953 9.198684
54.424773 9.197078
54.421670 9.197194
54.419048 9.197134
54.416784 9.197431
54.415506 9.199667
54.413930 9.201408
54.412141 9.201147
54.410391 9.200725
54.409317 9.202970
54.409037 9.206334
54.409266 9.208802
54.409574 9.208830
54.409746 9.208757
54.409824 9.208659
54.409732 9.208690
54.409642 9.208834
54.409435 9.208962
54.409525 9.208812
n t
54.409756 9.208661
54.409619 9.208585
54.409315 9.209176
54.409200 9.209663
54.408045 9.217526
54.406703 9.230566
54.403125 9.238202
54.397706 9.250329
54.390947 9.249080
54.383252 9.244255
54.380714 9.242845
54.377697 9.252000
54.372881 9.262191
54.373138 9.272160
54.373633 9.276024
54.377011 9.278703
54.380552 9.285194
54.379472 9.291066
54.378352 9.298603
54.376420 9.310563
54.375375 9.318944
54.371759 9.327170
54.372986 9.336068
54.371509 9.336732
54.370122 9.342379
54.367968 9.351919
54.362291 9.349930
54.359030 9.353970
54.352984 9.358029
54.345210 9.366820
54.343260 9.376124
54.344260 9.381746
54.349683 9.385222
54.349507 9.394374
54.348139 9.404560
54.348107 9.404729
54.348057 9.404863
54.347990 9.405112
54.348021 9.404959
54.351685 9.411665
54.350498 9.419574
54.347451 9.428384
54.345945 9.437580
54.343924 9.446568
54.340752 9.455089
54.318302 9.625672
54.315249 9.626163
54.310240 9.628923
54.310113 9.629403
54.308740 9.639874
54.307866 9.648614
54.307707 9.657438
54.303995 9.660842
54.301296 9.666092
54.298175 9.665084
54.293490 9.663137
54.291056 9.663427
54.289806 9.655641
54.290503 9.656155
54.294421 9.654982
54.294425 9.655140
54.292367 9.663391
54.291469 9.664237
54.289837 9.664439
54.284337 9.663781
54.276050 9.664780
54.267730 9.667250
54.259059 9.667659
54.251544 9.666306
54.242189 9.665998
54.234496 9.668953
54.232649 9.669035
54.227923 9.675167
54.222573 9.683462
54.217761 9.695043
54.212912 9.705103
54.206366 9.711668
54.200256 9.715733
54.193943 9.721038
54.187012 9.727942
54.180912 9.733170
54.175615 9.735386
54.169528 9.737628
54.163292 9.737110
54.156583 9.739644
54.151041 9.739493
54.145363 9.744609
54.137302 9.743225
54.129160 9.750698
54.123605 9.754677
n t
54.123716 9.755826
54.123970 9.755722
54.123126 9.755273
54.122363 9.755735
54.114281 9.764452
54.108130 9.770758
54.102162 9.777337
54.095000 9.782015
54.088947 9.788669
54.083035 9.784913
54.080783 9.784378
54.073365 9.785362
54.068724 9.785702
54.062887 9.784890
54.058694 9.779219
54.054691 9.776512
54.047089 9.776216
54.038565 9.780450
54.031339 9.784814
54.024346 9.791990
54.016368 9.802976
54.009960 9.808638
54.008856 9.809570
54.005185 9.812860
53.998481 9.817078
53.991974 9.821562
53.987140 9.827178
53.983256 9.834377
53.979433 9.840285
53.973376 9.845071
53.966812 9.850055
53.959551 9.851750
53.950817 9.855119
53.944731 9.861371
53.938867 9.867355
53.931681 9.870862
53.924722 9.872201
53.921794 9.878751
53.921750 9.878895
53.920704 9.881400
53.917625 9.882220
53.917365 9.882197
53.917297 9.882312
53.917477 9.882110
53.917391 9.882163
53.917273 9.882186
53.917421 9.882165
53.917309 9.882162
53.917212 9.882231
53.917338 9.882230
53.917249 9.882301
53.913015 9.881692
53.907581 9.882066
53.901028 9.883143
53.895102 9.884314
53.888170 9.885589
53.881829 9.886863
53.874607 9.888287
53.867267 9.888501
53.864161 9.888499
53.856140 9.888447
53.847760 9.886913
53.839401 9.885312
53.831219 9.883754
53.823589 9.882233
53.815291 9.880590
53.807512 9.879138
53.799580 9.877548
53.791961 9.876037
53.786168 9.874922
53.778200 9.875192
53.770898 9.876032
53.764134 9.878399
53.756474 9.881697
53.748841 9.885419
53.741714 9.889243
53.735714 9.892604
53.731452 9.895465
53.730770 9.896000
53.730673 9.896093
53.730662 9.896260
53.726149 9.898977
53.720333 9.903820
53.713638 9.908557
53.704205 9.911667
53.696058 9.911662
53.687420 9.908840
53.678316 9.905174
53.669047 9.902658
53.661972 9.906207
53.654505 9.907114
53.648103 9.907288
53.642030 9.909316
53.635252 9.911169
53.629423 9.910101
53.620575 9.908051
53.615116 9.906424
53.608866 9.904641
53.604444 9.909747
53.599497 9.917347
53.595979 9.922733
53.591591 9.929530
53.584928 9.932998
53.580011 9.934744
53.574583 9.939383
53.570642 9.943552
53.564472 9.941382
53.560591 9.940229
53.556726 9.937800
53.554577 9.938223
53.554220 9.938458
53.554558 9.938781
53.553687 9.938727
53.553741 9.938859
53.551602 9.945164
53.550948 9.951086
53.549645 9.956100
53.548535 9.962586
53.546182 9.969283
53.546274 9.976900
53.546319 9.977051
53.545566 9.984597
53.547076 9.991165
53.549401 9.997196
53.550315 10.004811
53.551271 10.006266
n h
n h
n h
53.552738 10.009354
53.553080 10.009745
53.553060 10.009040
53.553076 10.009375
53.552441 10.010080
53.552601 10.008636
53.553053 10.008284
53.554002 10.008238
53.552814 10.008880
53.555741 10.008833
53.555730 10.008344
53.553694 10.002691
53.552752 9.997119
53.552896 9.993329
53.550780 9.988559
53.547997 9.982757
53.544327 9.978264
53.545231 9.971780
53.545902 9.966951
53.545906 9.966382
53.542158 9.966296
53.539591 9.965610
53.534620 9.968870
53.529779 9.969744
53.528246 9.976303
53.525827 9.981635
53.519411 9.981084
53.511770 9.977078
53.512834 9.969013
53.505862 9.966216
53.501701 9.966540
53.499278 9.960238
53.502348 9.963381
53.498447 9.970328
53.492999 9.975551
53.492628 9.966941
53.494960 9.954792
53.491920 9.945438
53.486024 9.939719
53.479788 9.932947
53.476665 9.934030
53.477863 9.926175
53.480170 9.920835
53.481960 9.915339
53.481919 9.915172
53.482026 9.907049
53.480670 9.902368
53.477020 9.899029
53.477959 9.889964
53.477904 9.880606
53.476877 9.872390
53.476667 9.862342
53.473316 9.856155
53.472787 9.848996
53.472106 9.837641
53.471095 9.826552
53.468333 9.812013
53.464472 9.800382
53.462892 9.795596
53.462579 9.794763
53.460304 9.788202
53.456932 9.778424
53.453144 9.767258
53.450490 9.752485
53.453706 9.736662
53.455165 9.727928
53.460545 9.715724
53.460527 9.703262
53.462939 9.688943
53.465651 9.681122
53.465516 9.673518
53.463251 9.665339
53.459405 9.658485
53.454095 9.649735
53.447660 9.639104
53.441850 9.629462
53.442026 9.627662
53.442137 9.627743
53.441968 9.628070
53.441777 9.628112
53.441625 9.628333
53.441805 9.627930
53.441729 9.628158
53.441798 9.627860
53.441798 9.628220
53.441694 9.628156
53.441774 9.628069
53.441671 9.628157
53.437734 9.622404
53.433408 9.614155
53.431644 9.604299
53.429280 9.590435
53.424044 9.574031
53.419141 9.559370
53.415442 9.552484
53.411334 9.537448
53.408712 9.521725
53.404899 9.508146
53.402353 9.494200
53.395406 9.487335
53.388452 9.478837
53.380637 9.470449
53.376291 9.458026
53.372029 9.444006
53.367796 9.430521
53.362275 9.419284
53.355918 9.409157
53.347779 9.399974
53.342693 9.389994
53.338371 9.377908
53.333461 9.367921
53.329508 9.358663
53.329423 9.358580
53.324106 9.348974
53.317102 9.336467
53.311779 9.330247
53.307811 9.323206
53.304555 9.312611
53.301303 9.300114
53.297341 9.287081
53.295438 9.277611
53.295696 9.272798
53.294726 9.263420
53.294625 9.263438
53.294730 9.263444
53.294254 9.259926
53.292906 9.250450
53.290671 9.238246
53.288024 9.230865
53.284657 9.221069
53.278095 9.211839
53.273494 9.197298
53.270653 9.184066
53.268381 9.173767
53.264561 9.163868
53.255867 9.158322
53.250747 9.150595
53.243566 9.140651
53.237495 9.130350
53.232767 9.118356
53.229751 9.104397
53.226831 9.090493
53.226708 9.079951
53.226644 9.078237
53.226178 9.077447
53.221452 9.075518
53.221134 9.075734
53.221246 9.075670
53.221365 9.075641
53.221455 9.075589
53.221626 9.075556
53.221537 9.075512
53.221551 9.075350
53.221416 9.073305
53.219415 9.063117
53.214399 9.052256
53.208697 9.040320
53.202198 9.030666
53.197376 9.019446
53.192499 9.006575
53.187753 8.994076
53.183274 8.982132
53.178480 8.969532
53.176855 8.958869
53.184224 8.951262
53.191610 8.943644
53.198925 8.936026
53.204252 8.926917
53.205967 8.917740
53.208602 8.905060
53.203725 8.893870
53.205964 8.883331
53.209263 8.879557
53.211496 8.870657
53.215282 8.861433
53.217254 8.855783
53.221232 8.844878
53.225900 8.836843
53.228052 8.831515
53.232319 8.822227
53.234251 8.818839
53.233164 8.817521
53.228134 8.810816
53.228341 8.810191
53.226499 8.802608
53.226155 8.795666
53.227523 8.784746
53.230437 8.779105
53.230747 8.771204
53.232696 8.761015
53.232975 8.748829
53.231302 8.735337
n t
53.228498 8.736184
53.231347 8.734597
53.230098 8.723525
53.227943 8.711231
53.222443 8.709862
53.213107 8.708804
53.205232 8.703388
53.207508 8.689101
53.208209 8.679542
53.210748 8.667517
53.205911 8.660086
53.198569 8.651902
53.192412 8.644910
53.188110 8.640116
53.181896 8.633176
53.175198 8.628525
53.170780 8.624707
53.168889 8.622830
53.168415 8.621937
53.157693 8.607636
53.157823 8.607712
53.157671 8.607702
53.157545 8.607741
53.157453 8.607741
53.157718 8.607683
53.157806 8.607647
53.157751 8.607528
53.157916 8.607983
53.157739 8.607508
53.157853 8.607924
53.157864 8.607764
53.159719 8.600130
53.158522 8.590155
53.160071 8.582985
53.166754 8.581554
53.171918 8.573585
53.175397 8.563581
53.178473 8.556744
53.178726 8.555979
53.178727 8.555795
53.180335 8.545715
53.181626 8.536635
53.183876 8.523344
53.190053 8.511773
53.192262 8.501819
53.188305 8.489791
53.185356 8.478168
53.190987 8.470514
53.195720 8.459267
53.198599 8.447834
53.198696 8.441322
53.196798 8.429110
53.195491 8.415829
53.195194 8.402775
53.196081 8.389984
53.195454 8.387753
53.190129 8.383482
53.185962 8.374317
53.182727 8.362449
53.181459 8.349549
53.179196 8.337817
53.175165 8.327423
53.171170 8.316989
53.167037 8.306074
53.167697 8.302254
53.167975 8.301367
53.168936 8.293515
53.171239 8.280749
53.169692 8.270770
53.169933 8.259281
53.133887 8.186916
53.131308 8.182937
53.126904 8.172161
53.125663 8.157199
53.126196 8.141294
53.126824 8.128043
53.122878 8.120087
53.123697 8.104926
53.124649 8.089312
53.123986 8.073671
53.123325 8.058631
53.122595 8.043871
53.122070 8.030491
53.122174 8.015727
53.124847 7.999554
53.127042 7.987257
53.123230 7.979095
53.117348 7.968622
53.118333 7.955238
53.119232 7.941596
53.122144 7.929020
53.125324 7.916475
53.127135 7.902687
53.131575 7.892643
53.136020 7.885609
53.141715 7.877275
53.148470 7.866881
53.157035 7.863213
53.163987 7.855063
53.160908 7.847082
53.159600 7.841271
53.158336 7.838061
53.158375 7.837923
53.158461 7.837454
53.158434 7.837610
n t
53.158317 7.837920
53.158611 7.837687
53.158301 7.837786
53.158350 7.837934
53.158262 7.838750
53.159526 7.839890
53.162471 7.833900
53.166234 7.826413
53.170798 7.817112
53.167167 7.807784
53.167403 7.798480
53.171849 7.787709
53.170278 7.775062
53.171685 7.761518
53.171206 7.749942
53.168474 7.745475
53.168150 7.745761
53.167997 7.745888
53.166669 7.746343
53.168215 7.747152
53.168618 7.748071
53.168215 7.747152
53.168597 7.747951
53.168314 7.747259
53.168801 7.748558
53.169021 7.748990
53.168512 7.747473
53.168801 7.748558
53.169191 7.749496
53.169021 7.748990
53.168682 7.748430
53.168801 7.748558
53.169531 7.750507
53.168430 7.745704
53.168718 7.745209
53.168390 7.745549
53.168310 7.738372
53.163298 7.730077
53.157058 7.720963
53.152887 7.713654
53.152792 7.713587
53.148275 7.705766
53.142352 7.695448
53.136647 7.685498
53.136398 7.673067
53.137729 7.660273
53.138341 7.647086
53.138690 7.638690
53.139991 7.637877
53.140215 7.634302
53.140194 7.622227
53.139068 7.609810
53.137268 7.599152
53.137099 7.587364
53.135745 7.575945
53.134911 7.564792
53.133740 7.552771
53.132594 7.540906
53.131891 7.533614
53.130763 7.521990
53.129613 7.510182
53.129829 7.497408
53.131035 7.485287
53.132139 7.474973
53.127532 7.464529
53.121838 7.457822
53.120892 7.448526
53.122192 7.442045
53.119061 7.432191
53.117355 7.422456
53.114766 7.418999
53.114691 7.418913
53.113445 7.417718
53.107775 7.413620
53.099976 7.409046
53.092875 7.401126
53.088891 7.395525
53.084970 7.389562
53.083804 7.381814
53.083715 7.381856
53.074294 7.361948
53.069456 7.354003
53.063057 7.342635
53.062279 7.341371
53.055957 7.335011
53.051837 7.331042
53.049236 7.327090
53.052404 7.317181
53.057307 7.307384
53.060197 7.295415
53.062792 7.284167
53.063676 7.272226
53.064182 7.258296
53.064283 7.246981
53.066371 7.233393
53.066673 7.219207
53.069721 7.207102
53.073211 7.195158
53.078731 7.186005
53.084309 7.176024
53.090160 7.165934
53.096072 7.155633
53.101953 7.145639
53.104133 7.131842
53.108076 7.114799
53.108227 7.099739
53.111706 7.087466
53.112469 7.074316
53.112538 7.063984
53.114926 7.052874
53.111021 7.041135
53.111351 7.029082
53.114179 7.019845
53.110869 7.010664
53.108902 7.005211
53.109648 6.997712
53.115051 6.987211
53.114081 6.979080
53.112855 6.969616
53.109895 6.961740
53.117295 6.959893
53.123743 6.955099
53.124511 6.943828
53.128827 6.932267
53.130813 6.919469
53.131768 6.905629
53.134518 6.896638
53.128714 6.890399
53.120582 6.889724
53.112921 6.887883
53.110188 6.877113
53.106946 6.869211
53.108410 6.860224
53.107094 6.858831
53.107752 6.844858
53.109152 6.817135
53.109243 6.803377
53.117988 6.795066
53.146906 6.764050
53.146906 6.764050
53.136969 6.771784
53.144186 6.766421
53.146906 6.764050
53.154994 6.758562
53.160517 6.755997
53.164645 6.756065
53.175148 6.743954
53.169611 6.740208
53.171621 6.729252
53.172997 6.721758
53.174915 6.709804
53.175384 6.697511
53.177925 6.685586
53.180196 6.674618
53.182497 6.663700
53.185435 6.653426
53.189071 6.644065
53.192989 6.634946
53.195737 6.624666
53.200616 6.617186
53.205314 6.612373
53.208912 6.606591
53.214036 6.602614
53.213648 6.595437
53.212136 6.588181
53.214961 6.584091
53.216199 6.584174
53.215841 6.583424
53.213757 6.582494
53.216296 6.583532
53.216202 6.584157
53.215366 6.581412
53.216269 6.583490
53.215019 6.584258
53.216270 6.583493
53.216188 6.583591
53.215366 6.581412
53.214498 6.577965
53.215809 6.571520
53.215796 6.571678
53.215426 6.571223
53.215360 6.571098
53.215271 6.571123
53.215456 6.570883
n h
53.215620 6.571352
53.215459 6.571431
53.215620 6.571239
53.215812 6.571271
53.216542 6.568032
53.216481 6.567904
53.216561 6.567772
53.216497 6.567878
53.216376 6.567846
53.214496 6.562668
53.212354 6.561651
53.206796 6.558431
53.202261 6.553021
53.200798 6.547590
53.199174 6.537001
53.193907 6.535646
53.192742 6.527870
53.191960 6.520198
53.193218 6.528843
53.187837 6.524293
53.182601 6.529752
53.177809 6.534633
53.177591 6.535200
53.178582 6.535157
53.176481 6.527009
53.173606 6.515739
53.167157 6.510927
53.161279 6.506888
53.155083 6.496322
53.150999 6.494342
53.147817 6.489776
53.139993 6.488818
53.134919 6.489741
53.128091 6.491384
53.123009 6.498698
53.116189 6.504821
53.112382 6.497432
53.103165 6.500621
53.074617 6.464255
53.066358 6.459932
53.058871 6.455190
53.058246 6.454790
53.054954 6.447482
53.049583 6.443332
53.043047 6.439537
53.039051 6.430719
53.034870 6.423123
53.029733 6.418188
53.026248 6.414768
53.011133 6.400633
53.008252 6.397845
53.005212 6.394973
53.003524 6.391573
53.002920 6.387026
53.000706 6.383113
52.997612 6.382181
52.994576 6.380426
52.992370 6.378390
52.989867 6.375991
52.988096 6.376788
52.985134 6.379650
52.983956 6.384351
52.984144 6.386402
52.984575 6.390718
52.982454 6.393978
52.979383 6.390982
52.976034 6.387537
52.972871 6.384443
52.972092 6.380491
52.971601 6.378860
52.955800 6.363196
52.953047 6.360592
52.953235 6.360026
52.951807 6.362937
52.951121 6.359415
52.951469 6.354744
52.951717 6.349561
52.951786 6.345588
52.953763 6.341393
52.953790 6.337931
52.951356 6.337197
52.949062 6.336116
52.946964 6.334806
52.946932 6.334178
52.946843 6.333746
52.946952 6.330316
52.946692 6.326008
52.946872 6.322136
52.948362 6.321052
52.950573 6.320876
52.951589 6.317795
52.953281 6.314649
52.954525 6.313709
52.954398 6.313241
52.953733 6.310159
52.951808 6.310981
52.949498 6.310840
52.946754 6.308047
52.944527 6.308635
52.942523 6.311083
52.940117 6.311154
52.938960 6.311489
52.931447 6.316036
52.929532 6.318698
52.927105 6.319343
52.925541 6.315834
52.918764 6.313122
52.916682 6.316416
52.914739 6.319722
52.911925 6.321503
52.911370 6.322347
52.911388 6.322099
52.911478 6.322130
52.911566 6.321938
52.911324 6.322274
52.911173 6.322208
52.911330 6.322184
52.911478 6.322227
52.911358 6.322238
52.911524 6.322275
52.911344 6.322177
52.911250 6.322119
52.911355 6.322206
52.911363 6.322492
52.911355 6.322248
52.911485 6.322358
52.911376 6.322255
52.911462 6.322572
52.911516 6.322318
52.911383 6.322338
52.911586 6.322268
52.911366 6.322277
52.911446 6.322346
52.911526 6.322231
52.911342 6.322531
52.911522 6.322226
52.911345 6.322128
52.911379 6.322354
52.911445 6.322556
52.911360 6.322366
52.911267 6.322243
52.911354 6.322145
52.911328 6.321895
52.911449 6.322495
52.911303 6.322586
52.911477 6.322397
52.911374 6.322307
52.911468 6.322327
52.904786 6.303945
52.903626 6.301023
52.901302 6.296106
52.898405 6.294290
52.895404 6.295016
52.891163 6.292535
52.887985 6.291836
52.885195 6.288851
52.883835 6.287588
52.880475 6.281755
52.876299 6.283283
52.873851 6.282974
52.872316 6.281016
52.871940 6.278743
52.863903 6.269126
52.863732 6.267635
52.861909 6.263878
52.859556 6.258294
52.857775 6.256854
52.855209 6.256589
52.854066 6.253265
52.851609 6.255809
52.850232 6.259527
52.850272 6.263010
52.851499 6.267672
52.851930 6.271648
52.849486 6.273681
52.847424 6.274737
52.844010 6.276323
52.841326 6.277286
52.837770 6.272409
52.836164 6.273815
52.833103 6.276423
52.830329 6.278732
52.830925 6.269960
52.831017 6.271554
52.830972 6.272631
52.802569 6.262618
52.802160 6.258076
52.800524 6.255676
52.797986 6.251048
52.799373 6.247849
52.797870 6.242126
52.795880 6.239036
52.793879 6.224360
52.793004 6.220629
52.792039 6.216390
52.792927 6.214776
52.794386 6.211530
52.792635 6.208209
52.791237 6.206143
52.789623 6.201612
52.789895 6.196631
52.791971 6.193389
52.787243 6.188775
52.790400 6.185657
52.793301 6.183044
52.793543 6.178586
52.794644 6.172625
52.794160 6.169518
52.792449 6.166248
52.790638 6.162483
52.788816 6.158833
52.787234 6.154645
52.785538 6.151134
52.784997 6.150762
52.783792 6.161241
52.785459 6.138463
52.785117 6.137931
52.785094 6.137780
52.784916 6.139256
52.785014 6.139944
52.787465 6.122536
52.787831 6.120330
52.787783 6.120185
52.786746 6.118876
52.786263 6.118563
52.786730 6.118880
52.786752 6.119037
52.786742 6.118851
52.786866 6.118855
52.786782 6.118934
52.786790 6.118712
52.787250 6.117457
52.787340 6.117638
52.787363 6.117427
52.786714 6.118806
52.786790 6.118696
52.786732 6.118865
52.786585 6.119037
52.786696 6.119011
52.786849 6.118791
52.786769 6.118704
52.786763 6.118907
52.787267 6.122483
52.786304 6.127754
52.784994 6.132945
52.785459 6.138795
52.785316 6.144285
52.785233 6.150110
52.784223 6.154299
52.781148 6.157620
52.778784 6.157962
52.777816 6.156525
52.778908 6.152279
52.778533 6.153179
52.775760 6.154455
52.774781 6.150009
52.772629 6.146083
52.771551 6.140847
52.770614 6.136870
52.767056 6.137991
52.729806 6.093774
52.763070 6.139099
52.766565 6.145347
52.754947 6.149043
52.751786 6.151028
52.748552 6.152859
52.745333 6.154784
52.744885 6.157425
52.744174 6.160405
52.746448 6.166165
52.748763 6.168894
52.749490 6.169209
52.750086 6.169947
52.750584 6.170854
52.742803 6.172844
52.750584 6.170854
52.742758 6.173084
52.750584 6.170854
n t
52.742758 6.172924
52.743150 6.173497
52.743581 6.173472
52.732054 6.164602
52.730809 6.162173
52.729163 6.165570
52.727297 6.166702
52.724738 6.168281
52.721974 6.170071
52.719432 6.171594
52.716125 6.173654
52.713410 6.175382
52.710880 6.177662
52.708086 6.179282
52.705591 6.181805
52.705058 6.182351
52.702734 6.182995
52.702617 6.182940
52.701270 6.179485
52.698986 6.176472
52.696810 6.173531
52.695350 6.173000
52.692896 6.175037
52.691430 6.174418
52.689869 6.170745
52.688219 6.171959
52.686425 6.169780
52.684251 6.167262
52.682309 6.165102
52.680110 6.162749
52.678865 6.160486
52.678706 6.159155
52.678567 6.159086
52.676210 6.155450
52.668825 6.142428
52.668761 6.137886
52.668419 6.133422
52.667870 6.128714
52.665565 6.121686
52.665042 6.117391
52.665524 6.111596
52.664001 6.107720
52.662991 6.104590
52.660568 6.103160
52.657456 6.101768
52.655809 6.105672
52.654991 6.110994
52.655218 6.117040
52.654217 6.120643
52.650876 6.120097
52.647819 6.118351
52.644887 6.116641
52.640950 6.114404
52.636865 6.111867
52.636596 6.107571
52.636349 6.102857
52.636173 6.102736
52.635331 6.102862
52.633071 6.103260
52.630397 6.103442
52.627935 6.103795
52.626001 6.102608
52.625811 6.098211
52.623421 6.096802
52.623538 6.096859
52.623431 6.096857
52.623345 6.096814
52.623507 6.096861
52.623361 6.101123
52.621447 6.104299
52.618756 6.104298
52.616517 6.106902
52.613227 6.107085
52.611055 6.104698
52.607036 6.106496
52.604234 6.106770
52.602587 6.102620
52.601317 6.098343
52.600310 6.095678
52.597105 6.092777
52.594873 6.091612
52.593740 6.090920
52.592304 6.088787
52.590271 6.089949
52.588866 6.093510
52.587816 6.097174
52.587120 6.100231
52.587779 6.097840
52.585929 6.100827
52.584073 6.105501
52.581530 6.112900
52.579593 6.112886
52.577064 6.113798
52.576975 6.113827
52.576341 6.113516
52.575134 6.112932
52.575136 6.112779
52.573074 6.111876
52.570296 6.111881
52.568253 6.110127
52.565199 6.110124
52.562326 6.109748
52.560669 6.112242
52.559763 6.116604
52.557970 6.118506
52.556820 6.122818
52.556397 6.127338
52.555064 6.127610
52.552006 6.127793
52.549015 6.129780
52.546477 6.132503
52.544401 6.135954
52.541836 6.136421
52.540808 6.135181
52.540647 6.135040
52.540535 6.134902
52.540339 6.134678
52.540124 6.134433
52.540068 6.134190
52.539720 6.133750
52.537823 6.131713
52.535930 6.129219
52.533628 6.126759
52.531427 6.123317
52.528407 6.123357
52.525978 6.122971
52.524324 6.118728
52.522514 6.116577
52.522435 6.116654
52.522520 6.116706
52.522740 6.116662
52.522655 6.116802
52.522750 6.116714
52.522653 6.116767
52.522566 6.116693
52.522269 6.116938
52.522347 6.116861
52.522456 6.116781
52.522516 6.116629
52.522424 6.116749
52.522499 6.116658
52.522546 6.116526
52.522584 6.116369
52.521250 6.113459
52.519256 6.110633
52.517581 6.108291
52.516090 6.104772
52.516675 6.101820
52.515860 6.100426
52.515917 6.100288
52.516108 6.100159
52.516187 6.099973
52.516021 6.099596
52.516201 6.099913
52.516054 6.100059
52.515979 6.100145
52.515858 6.100333
52.515863 6.100483
52.515340 6.100051
52.514974 6.098870
52.514794 6.096077
52.514229 6.092900
52.513612 6.089551
52.512215 6.087176
52.510014 6.085626
52.508351 6.083163
52.507261 6.080330
52.506123 6.077207
52.504781 6.073563
52.505853 6.071288
52.503811 6.069338
52.503792 6.069126
52.503738 6.069261
52.501366 6.068202
52.498879 6.063386
52.497476 6.059186
52.496069 6.054936
52.494477 6.051173
52.491630 6.046208
52.488972 6.041521
52.486488 6.037171
52.483820 6.033260
52.480840 6.030056
52.478140 6.027150
52.475622 6.023371
52.473788 6.018895
52.471975 6.014410
52.470146 6.015768
52.467383 6.015770
52.465416 6.012870
52.463643 6.009037
52.462748 6.006772
52.460172 6.007678
52.458171 6.007370
52.455824 6.004833
52.454081 6.002641
52.452729 6.003883
52.452500 6.003860
52.450526 6.005312
52.448692 6.006797
52.446877 6.008119
52.444373 6.010125
52.442222 6.011643
52.440140 6.012567
52.440053 6.012620
52.437781 6.013411
52.435323 6.013934
52.432475 6.013909
52.429630 6.013886
52.426616 6.013391
52.423546 6.012760
52.420690 6.012630
52.418580 6.012854
52.416255 6.013466
52.413751 6.012176
52.412847 6.010786
52.409705 6.011786
52.408876 6.010420
52.406625 6.006704
52.405485 6.002795
52.402376 5.987441
52.402465 5.986574
52.402439 5.982304
52.401952 5.980270
52.395844 5.972583
52.394656 5.972482
52.394528 5.972791
52.393689 5.972879
52.391175 5.973486
52.390682 5.969903
52.388592 5.969246
52.384982 5.968911
52.381612 5.968108
52.380796 5.965581
52.380083 5.961003
52.379470 5.956212
52.380130 5.952039
52.379865 5.947998
52.379356 5.944624
52.379418 5.941248
52.379392 5.937390
52.379839 5.932738
52.381324 5.928830
52.380108 5.923881
52.379560 5.921394
52.381143 5.920549
52.380940 5.913160
52.379513 5.911353
52.377719 5.909173
52.377688 5.908950
52.377600 5.909018
52.375614 5.906607
52.373313 5.903686
52.370825 5.900707
52.368046 5.897813
52.364746 5.895396
52.361772 5.893272
52.358851 5.891276
52.357938 5.890708
52.357913 5.890563
52.357620 5.886323
52.357368 5.881339
52.356924 5.877186
52.357014 5.875765
52.354987 5.873521
52.351888 5.874843
52.350149 5.875530
52.350073 5.875404
52.350018 5.874836
52.349646 5.874446
52.349198 5.874262
n t
52.348681 5.874462
52.348423 5.874423
52.348580 5.874503
52.348715 5.874265
52.348664 5.874568
52.348791 5.874494
52.348565 5.874060
52.348742 5.874023
52.348801 5.874353
52.348622 5.874122
52.348803 5.874137
52.348687 5.874183
52.348459 5.874225
52.348794 5.874294
52.348620 5.874427
52.348426 5.874206
52.348976 5.874385
52.348718 5.874490
52.348679 5.874718
52.348816 5.874224
52.348640 5.874040
52.348777 5.874395
52.348692 5.874468
52.348870 5.874589
52.348847 5.874324
52.348229 5.876143
52.348178 5.876310
52.347481 5.876631
52.346715 5.872997
52.344822 5.870111
52.343560 5.865093
52.342298 5.859703
52.341079 5.854567
52.339616 5.849565
52.338013 5.844780
52.336395 5.840009
52.334483 5.835053
52.332618 5.831393
52.332105 5.829342
52.332141 5.828047
52.332539 5.824141
52.333646 5.819175
52.334863 5.814108
52.334932 5.813832
52.335574 5.810745
52.336666 5.805707
52.337613 5.801458
52.339056 5.796750
52.340744 5.791953
52.341160 5.788559
52.341810 5.784129
52.339434 5.782391
52.336592 5.780426
52.333903 5.778239
52.331320 5.775399
52.328819 5.771595
52.328136 5.770516
52.328060 5.770397
52.326312 5.767562
52.323996 5.763594
52.322082 5.760093
52.320238 5.756150
52.318745 5.751739
52.316988 5.746544
52.314495 5.742551
52.311661 5.740992
52.309257 5.738031
52.307830 5.733470
52.306312 5.728891
52.304622 5.725353
52.302360 5.721849
52.301009 5.718861
52.302420 5.714789
52.301864 5.710033
52.300871 5.705946
52.301334 5.702557
52.301910 5.700715
52.301935 5.700549
52.303326 5.696186
52.304917 5.691312
52.306456 5.686534
52.307342 5.682179
52.304863 5.680895
52.304021 5.677712
52.304470 5.672739
52.304415 5.667567
52.304194 5.662291
52.303408 5.657388
52.302707 5.651854
52.302035 5.646014
52.301357 5.640354
52.300933 5.637147
52.301023 5.637127
52.300944 5.637017
52.300891 5.632783
52.298956 5.631543
52.295774 5.630205
52.292860 5.628495
52.289904 5.626967
52.286549 5.625104
52.283551 5.623440
52.280618 5.621831
52.277649 5.620201
52.274797 5.618582
52.272579 5.615938
52.272162 5.612445
52.270831 5.612480
52.270589 5.611947
52.270707 5.612490
52.270750 5.612349
52.270810 5.612470
52.270881 5.612588
52.270772 5.612465
52.270729 5.612683
52.270833 5.612486
52.270762 5.612621
52.270561 5.612230
52.270585 5.612454
52.270622 5.612009
52.270905 5.612300
52.270494 5.611751
52.270098 5.610848
52.269653 5.610178
52.269083 5.609652
52.268555 5.608882
52.268059 5.608227
52.267406 5.607613
52.266908 5.606793
52.266366 5.606198
52.265925 5.605440
52.265375 5.604669
52.264766 5.603848
52.264962 5.603506
52.264689 5.602677
52.265321 5.602260
52.266048 5.601940
52.266479 5.602098
52.265987 5.601969
52.265256 5.602275
52.264646 5.602533
52.263997 5.602877
52.263389 5.603599
52.262744 5.604116
52.261953 5.604222
52.261403 5.604922
52.261300 5.606131
52.260958 5.606613
52.260937 5.606137
52.261119 5.606006
52.261275 5.605845
52.261745 5.604292
52.262490 5.604043
52.263179 5.603772
52.263798 5.603068
52.264404 5.603704
52.264971 5.604444
52.265598 5.605190
52.266133 5.605996
52.266876 5.606928
52.267564 5.607610
52.268042 5.608219
52.268702 5.609018
52.269060 5.609740
52.269834 5.610356
52.270180 5.611089
52.270425 5.612279
52.270432 5.612451
52.270793 5.612402
52.270816 5.612706
52.270797 5.612514
52.270958 5.612812
52.270730 5.612126
52.270854 5.612214
52.270938 5.612403
52.270719 5.612545
52.270919 5.612285
52.270838 5.612471
52.270614 5.612402
52.270773 5.612721
52.270777 5.612231
52.270819 5.612394
52.271059 5.612419
52.271434 5.612821
52.270931 5.612508
52.271088 5.612389
52.270992 5.612735
52.270959 5.612461
52.271028 5.612318
52.270893 5.612631
52.270896 5.612452
52.270718 5.612640
52.270908 5.612378
52.270857 5.612610
52.270886 5.612425
52.270941 5.612599
52.270811 5.612373
52.270630 5.612433
52.270769 5.612422
52.270824 5.612559
52.270807 5.612870
52.270821 5.612668
52.270878 5.612398
52.270722 5.612468
52.270683 5.612299
52.269540 5.610193
52.267469 5.607649
52.266020 5.605815
52.263896 5.603058
52.261808 5.600179
52.260130 5.596996
52.258462 5.593345
52.257039 5.589797
52.255928 5.585737
52.255920 5.581023
52.255646 5.576268
52.254879 5.572135
52.254026 5.567718
52.253202 5.563498
52.252445 5.559356
52.251780 5.555826
52.251046 5.552060
52.250309 5.548146
52.249548 5.544132
52.248745 5.539907
52.247884 5.535697
52.246872 5.532086
52.245280 5.528965
52.243114 5.525733
52.241032 5.522932
52.239237 5.519658
52.238189 5.515491
52.237264 5.511460
52.236449 5.507066
52.236828 5.502377
52.236532 5.497751
52.234969 5.495217
52.233177 5.494331
52.232160 5.492299
52.234015 5.488362
52.236563 5.485237
52.238633 5.483494
52.240370 5.482039
52.240323 5.481913
52.240417 5.481542
52.240380 5.481943
52.240436 5.481555
52.240380 5.481943
52.240173 5.482082
52.240472 5.482058
52.240409 5.482169
52.240216 5.482183
52.240078 5.482104
52.239207 5.483356
52.240365 5.482287
52.240514 5.481998
52.240404 5.481955
52.240312 5.481999
52.239879 5.482809
52.238362 5.483741
52.236022 5.484969
52.234097 5.481448
52.232418 5.478541
52.231130 5.474588
52.229643 5.472041
52.229121 5.470994
52.227782 5.468053
52.228258 5.463912
52.226648 5.461499
52.227675 5.458686
52.226148 5.460933
52.223962 5.462030
52.221138 5.461285
52.221720 5.457132
52.221804 5.453053
52.221401 5.448053
52.219642 5.446647
52.217151 5.444748
52.214711 5.442379
52.212348 5.439952
52.209964 5.437528
52.207388 5.434907
52.205008 5.432526
52.203181 5.430635
52.202599 5.429214
52.204321 5.425683
52.203723 5.423232
52.203245 5.420445
52.202202 5.419729
52.202520 5.416024
52.200779 5.413690
52.198797 5.411018
52.196820 5.408383
52.195040 5.406323
52.193457 5.403285
52.191443 5.404937
52.188698 5.404546
52.188683 5.401324
52.187565 5.396640
52.186698 5.394923
52.187021 5.392124
52.187249 5.388088
52.187167 5.384535
52.187334 5.382750
52.185300 5.380371
52.184767 5.376614
52.184785 5.374835
52.183173 5.373253
52.181746 5.370024
52.181747 5.369863
52.179584 5.368952
52.176348 5.368687
52.175293 5.368020
52.173481 5.365042
52.171776 5.362047
52.169304 5.360116
52.168875 5.359652
52.169936 5.355411
52.168565 5.352710
52.165824 5.350887
52.164459 5.348623
52.165645 5.343833
52.166558 5.339510
52.168117 5.334897
52.169468 5.330192
52.169128 5.326785
52.170198 5.322660
52.171599 5.318500
52.172696 5.315372
52.173792 5.312375
52.174900 5.310924
52.177094 5.307674
52.179592 5.305641
52.182217 5.303742
52.184308 5.300093
52.185920 5.296531
52.186932 5.293046
52.187370 5.288923
52.187934 5.284374
52.189087 5.283253
52.191782 5.282555
52.194483 5.281382
52.197294 5.279286
52.200237 5.277079
52.203068 5.274998
52.204328 5.273956
52.207209 5.271776
52.209993 5.269760
52.212967 5.267668
52.216182 5.265224
52.219215 5.261524
52.220857 5.259252
52.222075 5.255702
52.222453 5.253466
52.222125 5.250711
52.222078 5.250153
52.221670 5.248580
52.221375 5.243339
52.221155 5.238193
52.220955 5.232951
52.220895 5.227788
52.220407 5.222888
52.220533 5.218091
52.219399 5.213640
52.220923 5.208145
52.222820 5.203932
52.224000 5.199492
52.224837 5.196038
52.225146 5.192782
52.224031 5.190366
52.224782 5.186779
52.224827 5.185115
52.226504 5.182430
52.228309 5.180524
52.229130 5.179691
52.229191 5.179558
52.230338 5.176583
52.232481 5.176258
52.235416 5.175156
52.238433 5.173418
52.241380 5.171869
52.244151 5.170026
52.246348 5.168367
52.249953 5.166816
52.253389 5.165330
52.256739 5.163852
52.259296 5.162708
52.260068 5.160725
52.259969 5.154530
52.259789 5.149099
52.259694 5.143138
52.259679 5.137615
52.259542 5.132255
52.259386 5.127114
52.261041 5.124508
52.264167 5.123564
52.267244 5.122259
52.270128 5.120782
52.272645 5.117795
52.273997 5.113246
52.275385 5.108447
52.276889 5.104114
52.279459 5.102235
52.282524 5.100126
52.284714 5.096444
52.287037 5.092985
52.289166 5.089561
52.291000 5.085528
52.291161 5.080788
52.290959 5.076529
52.291705 5.072278
52.292859 5.067601
52.294175 5.063011
52.295358 5.058883
52.296680 5.054531
52.298831 5.051138
52.301193 5.047540
52.302437 5.043105
52.302298 5.038257
52.302081 5.034428
52.302332 5.029442
52.302758 5.024994
52.302779 5.021594
52.303044 5.016880
52.304639 5.012427
52.307380 5.009733
52.309587 5.006004
52.310247 5.001281
52.312370 4.997780
52.314696 4.995275
52.316115 4.995617
52.318839 4.995337
52.321482 4.993211
52.324092 4.991269
52.326912 4.989517
52.329138 4.986185
52.330393 4.981811
52.330669 4.977302
52.330929 4.976886
52.331766 4.975617
52.333520 4.977030
52.333744 4.977798
52.334872 4.975224
52.336053 4.971095
52.337120 4.967843
52.337859 4.964058
52.338607 4.960297
52.339312 4.956439
52.340235 4.953083
52.341134 4.951322
52.342665 4.948588
52.344499 4.945625
52.346571 4.942316
52.348371 4.939476
52.350150 4.936664
52.351082 4.935069
52.351313 4.934755
52.352817 4.932398
52.354482 4.929632
52.356110 4.927868
52.358521 4.926394
52.359946 4.925536
52.361849 4.924202
52.363217 4.923571
52.363320 4.923505
52.363175 4.920960
52.364134 4.918504
52.364050 4.915339
52.365238 4.911836
52.366369 4.908745
52.365437 4.905614
52.367189 4.904580
52.367785 4.903069
52.366369 4.900602
52.366213 4.898399
52.366338 4.896099
52.366851 4.894016
52.366757 4.893316
52.366737 4.893091
52.367311 4.893031
52.366951 4.893058
52.367373 4.893009
52.366965 4.893037
52.366884 4.890974
52.366682 4.888189
52.367041 4.885052
52.366374 4.882892
52.365334 4.881801
52.364514 4.882950
52.364261 4.883283
52.363693 4.883846
52.363784 4.883961
52.363565 4.884336
n h
n h
52.363357 4.884643
52.316056 4.836450
52.314914 4.837450
52.313028 4.837542
52.312133 4.834108
52.310622 4.831061
52.309850 4.827867
52.310138 4.824904
52.309598 4.822136
52.309163 4.821773
52.309198 4.821635
52.309153 4.821773
52.307606 4.821329
52.307764 4.817604
52.307004 4.814491
52.305199 4.813671
52.304222 4.811360
52.304425 4.811417
52.305559 4.810234
52.306100 4.809549
52.305008 4.806485
52.303885 4.803217
52.302512 4.800032
52.301045 4.797162
52.299189 4.794772
52.296570 4.793855
52.294097 4.792629
52.291853 4.791054
52.289737 4.788969
52.287798 4.786340
52.285909 4.783417
52.283951 4.780426
52.282384 4.777105
52.280965 4.773561
52.279315 4.769861
52.277580 4.765963
52.276342 4.762236
52.275328 4.758727
52.274983 4.755366
52.277030 4.752138
52.278523 4.748859
52.279318 4.746898
52.278122 4.743877
52.279965 4.740483
52.281762 4.737098
52.283312 4.734114
52.284889 4.731287
52.286573 4.728133
52.287193 4.727262
52.288359 4.724921
52.289486 4.722704
52.289348 4.723524
52.289187 4.723575
52.289286 4.723610
52.289194 4.723714
52.289459 4.723708
52.289366 4.723512
52.289205 4.723691
52.289380 4.723494
52.289306 4.723123
52.289126 4.723254
52.289397 4.723744
52.289410 4.723549
52.289233 4.723117
52.289428 4.723324
52.289181 4.723629
52.289102 4.723719
52.289323 4.723329
52.289344 4.723574
52.289440 4.723551
52.289735 4.723990
52.289249 4.723486
52.288964 4.723538
52.288461 4.722282
52.289253 4.723609
52.289325 4.723504
52.289407 4.723569
52.289050 4.723589
52.288261 4.725300
52.286577 4.728169
52.164122 4.484128
52.163735 4.481256
52.163829 4.480135
52.164328 4.475035
52.163885 4.471018
52.163904 4.465381
52.163864 4.461695
52.163431 4.458694
52.161509 4.454361
52.159422 4.450743
52.158263 4.449511
52.159776 4.445705
52.156823 4.443341
52.154440 4.439882
52.152738 4.435525
52.150878 4.430919
52.148879 4.426618
52.146842 4.421916
52.144796 4.417555
52.142562 4.413735
52.140599 4.412203
52.138647 4.408168
52.137067 4.405109
52.133783 4.400233
52.130303 4.395436
52.127096 4.390992
52.124167 4.386843
52.121434 4.382782
52.118766 4.379055
52.116502 4.375646
52.113789 4.371294
52.111162 4.367161
52.108520 4.363078
52.106168 4.358843
52.104266 4.355963
52.102024 4.352100
52.099995 4.348242
52.097747 4.345899
52.095770 4.342499
52.093996 4.338917
52.092514 4.334779
52.091346 4.331415
52.089803 4.332889
52.086998 4.333225
52.085027 4.329064
52.084062 4.326731
52.082391 4.323093
52.081336 4.320387
52.079197 4.318702
52.078174 4.316885
52.077601 4.314888
52.076534 4.311827
52.075314 4.308908
52.075055 4.307520
52.074286 4.304512
52.074227 4.305778
52.074658 4.304845
52.074118 4.305376
52.074688 4.304617
52.074090 4.304018
52.074543 4.304191
52.074245 4.304629
52.074160 4.304450
52.074508 4.304260
52.073822 4.304893
n h
52.074094 4.304291
52.072833 4.301152
52.074228 4.297666
52.074111 4.296764
52.073209 4.292791
52.072166 4.288447
52.070971 4.284885
52.070145 4.281168
52.068928 4.276438
52.068499 4.274812
52.067110 4.270384
52.066189 4.267812
52.064147 4.262619
52.062270 4.258258
52.059738 4.253209
52.057806 4.249263
52.055985 4.250827
52.054208 4.256055
52.051826 4.253419
52.049649 4.250188
52.047184 4.246649
52.045087 4.243624
52.043684 4.241625
52.041478 4.238238
52.039680 4.235610
52.037666 4.233165
52.035206 4.229590
52.032864 4.226428
52.030867 4.223248
52.028720 4.220113
52.026575 4.217101
52.024453 4.214252
52.022581 4.212767
52.020368 4.213056
52.017821 4.213899
52.015203 4.214782
52.012521 4.215280
52.010632 4.215486
52.008288 4.213439
52.005782 4.212198
52.003554 4.214423
52.001730 4.217780
52.000463 4.219653
51.998354 4.222059
51.996375 4.223710
51.993996 4.223634
51.992636 4.223114
51.990527 4.222165
51.988706 4.221337
51.986180 4.220196
51.982929 4.219487
51.981752 4.217733
51.981897 4.219329
51.983959 4.219683
51.986658 4.220324
51.988884 4.219837
51.989000 4.219295
51.989631 4.217578
51.989642 4.217415
51.990085 4.214568
51.989536 4.212338
51.988888 4.208281
51.987148 4.207570
51.984579 4.208236
51.982689 4.206278
51.980397 4.208955
51.978058 4.210450
51.976375 4.208365
51.973451 4.210099
51.970681 4.211990
51.968619 4.212779
51.966870 4.211503
51.965343 4.213778
51.962148 4.215811
51.959201 4.218622
51.956214 4.221308
51.954489 4.225476
51.951382 4.225967
51.948235 4.227509
51.946232 4.228898
51.943097 4.231034
51.939524 4.232792
51.936612 4.234084
51.933747 4.235402
51.931445 4.238839
51.929007 4.242862
51.926683 4.246162
51.924033 4.248607
51.921475 4.246856
51.919296 4.249668
51.917019 4.250678
51.914808 4.248832
51.914670 4.248730
51.914582 4.248778
51.913582 4.248370
51.912258 4.247105
51.911498 4.245026
51.911128 4.243661
51.911097 4.243149
51.910739 4.242371
51.909941 4.245442
51.908548 4.244108
51.907632 4.239614
51.905039 4.236681
51.902626 4.234172
51.901181 4.234723
51.902082 4.230626
51.901180 4.229463
51.901374 4.229330
51.901123 4.226825
51.900925 4.225041
51.900272 4.220329
51.901178 4.215033
51.902056 4.211758
51.899965 4.208661
51.898040 4.205353
51.894952 4.200886
51.891642 4.198416
51.890049 4.197586
51.889358 4.197983
51.887140 4.200743
51.884860 4.204636
51.882299 4.204504
51.879060 4.203902
51.875592 4.203251
51.873810 4.201432
51.876223 4.198129
51.875900 4.193157
51.873515 4.189663
51.870967 4.185658
51.868996 4.182484
51.866866 4.179102
51.864819 4.175170
51.865878 4.170742
51.867848 4.165537
51.867412 4.161377
51.868856 4.158932
51.869607 4.155175
51.867154 4.150321
51.864854 4.145788
51.862636 4.141404
51.860350 4.137016
51.861954 4.132691
51.863767 4.128219
51.862753 4.123028
51.861305 4.118096
51.862028 4.115173
51.860820 4.109715
51.858989 4.107100
51.858634 4.101431
51.857963 4.095612
51.856054 4.090814
51.854010 4.087697
51.851648 4.087044
51.849563 4.084149
51.847573 4.083040
51.847568 4.081574
51.847944 4.080333
51.847918 4.078927
51.848598 4.080168
51.848711 4.080218
51.848853 4.080298
51.849062 4.080208
51.849146 4.080150
51.849296 4.080241
51.849655 4.080671
51.849523 4.080757
51.849621 4.080441
51.849172 4.080216
51.849510 4.080412
51.849599 4.080703
n t
51.849519 4.080774
51.847933 4.083619
51.844813 4.084620
51.841639 4.083626
51.840239 4.084237
51.843026 4.083631
51.845738 4.081959
51.844747 4.076642
51.843732 4.071369
51.842170 4.066169
51.840006 4.061116
51.839138 4.059756
51.837955 4.057220
51.835766 4.053914
51.830812 4.047233
51.828233 4.044035
51.824950 4.041908
51.823973 4.041060
51.821468 4.037767
51.821044 4.036912
51.820226 4.035402
51.818092 4.030789
51.815141 4.028746
51.811941 4.029257
51.809096 4.028457
51.808752 4.027745
51.808664 4.027685
51.807000 4.028320
51.804531 4.030433
51.802101 4.032387
51.799761 4.034359
51.797376 4.036272
51.797220 4.036623
51.797336 4.041087
51.795552 4.045601
51.793544 4.049128
51.791519 4.052587
51.789473 4.056163
51.787473 4.059296
51.785416 4.062870
51.783396 4.066391
51.781403 4.069886
51.713899 4.164226
51.687262 4.162816
51.636799 4.192925
51.613039 4.192073
51.586025 4.314511
51.486522 4.278000
51.486630 4.278436
51.486285 4.280077
51.486641 4.278347
51.486548 4.278248
51.486356 4.278358
51.484598 4.278510
51.481682 4.280473
51.480855 4.280423
51.481024 4.283731
51.481374 4.286795
51.481937 4.290793
51.482813 4.295550
51.482979 4.297402
51.480117 4.300127
51.477187 4.302038
51.473727 4.303530
51.470530 4.304184
51.467748 4.306979
51.459707 4.311534
51.455449 4.312534
51.451846 4.312596
51.447975 4.312987
51.444957 4.311628
51.441938 4.313201
51.440690 4.316215
51.437643 4.317999
51.434267 4.318674
51.431472 4.318757
51.428785 4.318642
51.426937 4.321336
51.425401 4.322845
51.425408 4.323155
51.425599 4.322408
51.425178 4.322965
51.422508 4.323760
51.420799 4.327179
51.418843 4.331118
51.416775 4.335525
51.414614 4.339117
51.412466 4.343423
51.409911 4.347935
51.405774 4.352664
51.401861 4.354960
51.398437 4.355694
51.380515 4.376674
51.376012 4.381600
51.372328 4.384495
51.368899 4.387531
51.365288 4.390174
51.360772 4.392839
51.356820 4.394163
51.355005 4.395397
51.355080 4.394981
51.351741 4.397210
51.348359 4.399124
51.345315 4.401000
51.341938 4.403005
51.338913 4.405503
51.334635 4.409740
51.331545 4.412978
51.328270 4.416227
51.325323 4.419352
51.321483 4.423049
51.316318 4.428237
51.314343 4.429123
51.311261 4.430219
51.308398 4.430611
51.305587 4.428822
51.303134 4.424759
51.300439 4.423806
51.298510 4.423578
51.295115 4.424629
51.294993 4.424638
51.291910 4.424519
51.288751 4.425916
51.287220 4.425693
51.284826 4.422819
51.282550 4.421022
51.279792 4.419208
51.278186 4.418272
51.276702 4.417338
51.273035 4.417486
51.272737 4.417381
51.272330 4.417718
51.269154 4.418167
51.265965 4.418874
51.263132 4.418435
51.260841 4.420011
51.258008 4.420421
51.254976 4.420456
51.251995 4.420438
51.248899 4.420443
51.246310 4.420467
51.245019 4.420517
51.243020 4.420481
51.241248 4.420551
51.239153 4.420545
51.235739 4.420635
51.235391 4.420680
51.235325 4.420896
51.235350 4.420750
51.235438 4.420710
51.235314 4.420750
51.235424 4.420891
51.235368 4.420772
51.235270 4.420751
51.234017 4.420001
51.231774 4.418651
51.231750 4.414192
51.230518 4.412773
51.227763 4.413465
51.227383 4.410939
51.226921 4.409386
51.224912 4.409133
51.222609 4.408678
51.220970 4.407594
51.220550 4.405328
51.218901 4.405216
51.219376 4.404820
51.219597 4.401944
51.219660 4.400965
51.219796 4.401226
51.219686 4.401081
51.219781 4.401140
51.219688 4.401256
51.219724 4.400899
51.219469 4.401255
51.219571 4.400863
51.219019 4.400961
51.219433 4.400959
51.220158 4.400664
51.220016 4.401041
51.219780 4.401016
51.219860 4.401254
51.220035 4.401299
51.219901 4.400986
51.219827 4.400843
51.219737 4.400779
51.220297 4.400584
51.219874 4.400802
51.219672 4.400816
51.219559 4.400781
51.219887 4.400567
51.219785 4.400806
51.219785 4.401216
51.219706 4.401122
51.218855 4.401586
51.220034 4.402669
51.220657 4.402709
51.220556 4.402255
51.220421 4.402374
51.220452 4.402232
51.220447 4.402380
51.219002 4.402105
51.218561 4.401003
51.216788 4.399552
51.215704 4.400506
51.215666 4.400343
n h
51.215593 4.400448
51.142139 4.379003
51.080435 4.356106
51.011183 4.364366
51.011180 4.365899
50.894850 4.452070
50.898020 4.481597
