// this first line is required to be comment. the lines can contain either night ("n" + 't' or 'h' (tent or hotel)), coordinate (lat lon eg "36.114 -115.17) or change in route type (eg "type transport" or "type cycle". default is cycle at the start)
36.084147 -115.152469
36.086964 -115.136386
36.086391 -115.136504
36.086624 -115.134281
36.088778 -115.132510
36.090196 -115.136714
36.090096 -115.136656
36.093436 -115.136725
36.101245 -115.136782
36.101102 -115.140656
36.101305 -115.147803
36.100984 -115.156176
36.101088 -115.161603
36.101006 -115.169081
36.101622 -115.173038
36.104814 -115.173498
36.107903 -115.170755
36.111229 -115.167591
36.114542 -115.172564
36.114389 -115.163835
36.120871 -115.164141
36.126045 -115.168674
36.125813 -115.173067
36.127443 -115.179386
36.126548 -115.187569
36.129822 -115.189963
36.131309 -115.194806
36.133870 -115.206550
36.133305 -115.219620
36.133228 -115.231937
36.133313 -115.242546
36.133087 -115.253440
36.134913 -115.260818
36.141978 -115.263660
36.143749 -115.272039
36.143726 -115.281554
36.143550 -115.281716
36.143604 -115.281478
36.143659 -115.281485
36.143730 -115.281815
36.144219 -115.279278
36.154435 -115.280056
36.159197 -115.283965
36.162738 -115.288892
36.163731 -115.288004
36.163584 -115.288014
36.163272 -115.288197
36.164102 -115.290435
36.159090 -115.293384
36.159126 -115.304656
36.159118 -115.314520
36.159137 -115.317679
36.159148 -115.325123
36.159251 -115.333406
36.159213 -115.343786
36.159141 -115.356999
36.156806 -115.361748
36.154665 -115.364118
36.148342 -115.377045
36.143952 -115.392070
36.138753 -115.404981
36.132340 -115.417232
36.135217 -115.425298
36.135470 -115.427651
36.135499 -115.427879
36.135335 -115.427825
36.135516 -115.427944
36.135540 -115.427896
36.135534 -115.428016
36.134992 -115.426907
36.135023 -115.426859
36.135207 -115.426841
36.135892 -115.425345
36.136211 -115.425411
36.142120 -115.428141
36.146292 -115.430774
36.148488 -115.434888
36.153334 -115.439394
36.157364 -115.443796
36.160353 -115.448917
36.159625 -115.456731
36.163797 -115.461753
36.167054 -115.461725
36.171349 -115.462598
36.170464 -115.466153
36.170398 -115.466135
36.170492 -115.466094
36.169908 -115.471697
36.163241 -115.475827
36.154735 -115.484556
36.157758 -115.494111
36.159428 -115.497240
36.163082 -115.501850
36.163796 -115.504946
36.166182 -115.507924
36.166868 -115.510773
36.165665 -115.511912
36.165491 -115.512808
36.164800 -115.512643
36.165087 -115.512192
36.164872 -115.512632
36.164858 -115.512676
36.164874 -115.512580
n t